mutation	rf_0	rf_10	rf_40	rf_100
G165T	1.13075239523274	1.07877454423634	1.08160911193536	1.48803329892073
A79C	0.875657876039746	0.835237824992539	0.772020055538495	0.756463929738491
A79G	0.565085928650597	0.375719181558192	0.68865355894724	0.38788224123806
T211G	0	0	0	0
T211A	0	0	0	0
T211C	0	0	0	0
C120G	0	0	0	0
G85T	0.809100306931537	0.943414283349033	1.16426665439823	0.636285279571922
A27T	0	0	0	0
T222G	0	0	0	0
C248A	0	0	0	0
C248G	0	0	0	0
C248T	0	0	0	0
C214A	0	0	0	0
C214G	0	0	0	0
T88C	0	0	0	0
G73C	0	0	0	0
G73A	0	0	0	0
A220G	0	0	0	0
G206A	0.464254117842719	0.51927213641922	0.559973663228255	0.507578323616507
G206T	0	0	0	0
G82T	0	0	0	0
G82C	0	0	0	0
G82A	0	0	0	0
C230G	0	0	0	0
C243G	0	0	0	0
C23A	0.175191250984143	0.466378932878861	0.823748403779882	0.251828264491275
C23T	0.123373478736837	0.2643665190264	0.71428060187001	0.309710223099311
A106T	0	0	0	0
C126G	0	0	0	0
C154G	0.885428516366894	1.10068512951872	1.04442879871258	1.36229618165248
C154A	0.983704408585755	0.952817795719359	0.809306180258443	1.40147464136414
A252T	0.394203125252841	0.328528533664217	0.223036266059522	0.310070422014368
T191G	0.522019533439294	0.955814746683023	1.59061476586921	1.77383664046127
T191A	0.243847345183484	0.357342167660884	0.754254162770425	1.28627405738165
T191C	1.06327105972001	0.589489442719945	0.346577678238489	0.245936697194971
G201T	0	0	0	0
G108T	0.0682868346798345	0.0483888494832576	0.0264988891595934	0.025890833851073
A11T	0.504334478578758	0.0695860090571175	0.220507102401189	0.00170145742118934
A11C	0.875803825049202	0.256414557366778	0.144652211075398	0.00863158018950812
A11G	1.41546694117833	0.48943209846266	0.147126905495644	0.0219481208302771
C178A	0	0	0	0
C178G	0.127399576805918	0.181350119689491	0.525555709238652	0.956650991282444
C178T	0.185237624472561	0.302659155417418	0.73813161734958	1.00057618519474
T160A	0.931187322648781	0.795491218944215	0.815827045750452	0.54068797548322
T160C	0	0	0	0
A203C	0.913667468882916	0.750616863595401	0.906568187459401	0.784643428265556
A203G	0.703869072451174	0.87322997267949	1.62075470783765	2.00799390699048
A203T	0.686337308051033	0.919794442966933	1.57059121071005	1.53162233028257
T41G	0	0	0	0
T41A	0	0	0	0
T86A	0.601857070419249	0.811239581798145	1.16202558675791	0.565729055625439
T86G	0.49849331079615	0.763302001259121	0.87016122391198	0.838337747619965
A9T	0	0	0	0
G240T	0.60607963509325	0.720848462795691	0.801050065883166	0.469866481223239
A70G	0.422863123375742	0.253314789274166	0.435220078750437	0.14758078179615
C140A	0	0	0	0
C140G	0.289583188230609	0.427716449573172	0.780973731610179	0.46611636860168
C140T	0	0	0	0
A239G	0	0	0	0
A239T	0.804538904604689	0.797636800854817	0.587188615078492	0.443658910312484
C23G	0.391774442589223	0.590830554181031	0.652845806301385	0.0934214500474395
G72T	0.500368873088543	0.42230903398787	0.626993075521265	0.318038105082184
A221T	0	0	0	0
A221C	0	0	0	0
A221G	0	0	0	0
C247T	0	0	0	0
C98T	0.470246332233714	0.825784115788086	0.347941758785679	1.2346596255205
C98G	1.02719113040485	0.894109803894252	0.858724946767349	0.710588518665847
A146T	1.58176685167107	1.03885821710868	0.629955390687562	0.839567846671529
A146G	0.852286299796807	0.763947800073572	0.685129210355809	0.652816930680039
G83T	0	0	0	0
G83C	0	0	0	0
A163T	0.408773161365838	0.430685064418852	0.488056095441464	0.242044793319183
A163G	0.0531407398475018	0.0502195547494048	0.14613407060176	0.0572619852756614
A163C	0.49469853454179	0.390797813726707	0.326010989312427	0.300159146531406
A190T	0.804933628787308	1.02692588683011	1.30319458370343	1.1557932192126
A190C	0.77327150928977	1.00829039632911	1.37687748333783	0.817637578819233
A190G	1.29632203325609	0.946412849394837	0.677334966096782	0.887644826063064
T160G	0.615096057881473	0.445675565603029	0.293873011242835	0.193439385119741
G234T	0.729475477905059	0.755592315074886	0.488096476391825	0.303832720836983
C202G	0.544091254012303	0.379838245481583	0.559166412410156	0.403606582532451
C202A	0.633771106024639	0.8164527702294	1.47941239464311	1.15402113481747
T88A	0	0	0	0
T88G	0	0	0	0
A183T	0.132163265384111	0.144950610630923	0.230460814739396	0.329248350266704
A106C	0	0	0	0
A106G	0.371689875752188	0.18440351319053	0.19149281851901	0.1181586766368
A233G	0.126488881108656	0.113791946101163	0.206391067905096	0.191408003752525
T41C	0	0	0	0
G167C	0	0	0	0
G167A	0.884147012165462	1.01690200763291	0.782851135611591	0.700596985081025
G167T	0.483517696700171	0.754756268822185	1.7809551855932	2.19998809824021
A233C	0.288048343080501	0.335816937155414	0.322037080145077	0.186287025472999
C161G	0.571297508850527	0.496998838559698	0.499922646241804	0.519306831105235
C161A	0.668773647922618	0.318763962939157	0.269803140519029	0.299145582849745
C161T	0.546528787361727	0.293776894852675	0.22591737882983	0.263915225757853
A10T	0.704360021494411	0.0812601882817597	0.222753044934824	0.00920212312088268
A10G	0.756964558049155	0.312341752859264	0.286595818198421	0.0394650797517887
A10C	1.00175969975791	0.237054228773758	0.158643481940186	0.0126219426649091
C179A	0	0	0	0
C179G	0	0	0	0
C122T	0.240484693198051	0.0749421025244008	0.0397527217799133	0.0345431376168958
C122A	0.248880852346375	0.255019882526144	0.401286250284023	0.578943212768142
C122G	0.431968375859402	0.0672794338467919	0.0538058865600272	0.0664206435048585
T17G	0	0	0	0
T17A	0	0	0	0
T17C	0	0	0	0
G176T	0	0	0	0
G176A	0	0	0	0
G176C	0.0161776104663267	0.0131042703936702	0.048599818821525	0.0249031989655225
C179T	0	0	0	0
T86C	0.622011046770191	0.64966494627547	0.794895758065652	0.715074976977055
C33G	2.21557130542513	0.706968664115918	1.34394554282408	0.816269807852116
C113G	1.38461150538847	1.41124523267699	1.70858399139142	1.14807431100068
C113A	0	0	0	0
C113T	0	0	0	0
G232A	0	0	0	0
G232C	0	0	0	0
G74T	0	0	0	0
G89T	0	0	0	0
T212G	0	0	0	0
T212A	0	0	0	0
T212C	0	0	0	0
G30T	0.442308392401772	0.730546930508196	0.496784531251926	0.148757780570516
T64C	0	0	0	0
T64A	0	0	0	0
T64G	0	0	0	0
A233T	0.231739650760348	0.436672091514503	0.577581470215339	0.334622000948499
T107C	0	0	0	0
C215A	0	0	0	0
T164A	0	0	0	0
T164C	0	0	0	0
C215G	0	0	0	0
T12G	1.19942785895733	0.64750266662357	0.340305336383585	0.00823234433765148
A97G	1.3684782969089	1.01260628392843	0.710381090854094	0.528183850638851
A97C	0	0	0	0
A97T	1.3099719255082	1.48575279570599	0.898322359046662	0.880025311480378
A112T	1.01082794620452	1.83153135595193	2.08160148871783	1.76852379325855
A112C	0	0	0	0
A112G	0.50669429716492	0.544769223892518	0.586744242887748	0.451751816190696
C245A	0.205096563445709	0.143972932611945	0.0933920097269733	0.117869065769142
C245G	0.924896644955752	0.544439046900868	0.264218815810518	0.27734444647642
C245T	0.46913098082979	0.339727796715977	0.237688880079868	0.322609593961325
G205A	0.537940848606366	0.735992516515863	0.975814755652364	0.486379004820503
G65T	0	0	0	0
G65A	0	0	0	0
G65C	0	0	0	0
A71C	0.864920589544824	0.810791666336596	1.13706457119503	1.32515053276774
A71T	0.543202622981898	0.526590534628427	0.973969350602483	0.895819334806636
A69T	0	0	0	0
T61A	1.48471268443666	2.17139680543471	2.2951695355711	1.59323692807011
T61C	0	0	0	0
T61G	0.287680109131213	0.946852629127883	4.42202344347617	38.6364267482443
A71G	0.774155775402933	0.844015344568966	0.863391570577813	0.549127470590898
T29G	0.468197182526461	0.267718239687159	0.0548506638365509	0.0196380504590904
T29C	0	0	0	0
C135G	0.835477663740645	0.705366893079447	1.09517532314612	1.35487561240377
G168T	0.239410424712731	0.344653952845185	0.507328565956331	0.299683884376177
C62A	0.187291737715634	0.515606584611527	2.97332048416853	2.28245330162098
C62G	1.66228382617829	1.2369410584375	1.0637798625734	0.564799804504238
C62T	0.561998027401141	0.602612637117316	0.530987125181125	0.289711643436238
C98A	0.938696459989835	0.986228512157379	0.778042138299971	0.622441870126426
G90T	0	0	0	0
G73T	0	0	0	0
T147G	0.668641990435768	0.748080593691016	0.953368099223535	1.13202217215656
A38T	0.282506488608197	0.00616343207893306	0.171692524819981	0.0113834554150816
A38G	0.877610843753845	0.649558466860908	0.318633766864475	0.0419190412695746
A38C	0.295012339276595	0.0145186866059083	0.0838842385197427	0.0113760874827741
C189G	0	0	0	0
A220T	0	0	0	0
A220C	0	0	0	0
G206C	0.663400573146651	0.934842627867068	1.05489518852833	0.52504237638928
C40A	0.594366722493285	2.87200531052351	9.43232391821839	36.4010351917354
C40G	0.276829464781812	1.47080786949624	5.45333624939729	20.3162989193987
T22G	1.30932712204141	1.06264405367909	0.582710263700984	0.0685894835546767
T22A	0.293967066484384	0.237616327025064	0.243815653768202	0
T22C	0	0	0	0
G244A	0.32481112630609	0.217657266673894	0.165087127123248	0.363791271117477
G244C	0	0	0	0
G244T	0.686690458405196	0.541068001122562	0.379117717923571	0.388498193899988
C138G	0.189032807100795	0.22516411731007	0.323364841995401	0.608302689815552
C238G	0.43021908822763	0.397658168956286	0.350335696990178	0.300526023144224
C238A	0.678930507407566	0.723526611956035	0.533894883122338	0.355902763300519
T213G	0	0	0	0
A80G	0.816353030133133	0.795324458988021	0.821339577280197	0.526726550532243
A80C	0.871530886170082	1.04100626674654	0.658101962955741	0.669550704780426
A80T	0.578023922976604	0.535878296485142	0.451269917455365	0.478886691245892
G74C	0	0	0	0
T199G	0	0	0	0
T199A	0	0	0	0
T199C	0	0	0	0
C57G	0.79630258678675	1.20945614968435	2.21673199765741	2.41511014578891
T13A	0	0	0	0
T13C	0	0	0	0
T13G	0	0	0	0
G85C	0.780846010499007	1.0015340879529	0.991537182736183	0.631157508914661
G85A	0.680551660035872	0.877095441000645	1.04264280648861	0.590613497635747
G89C	0	0	0	0
A70C	0.736122632188693	0.649109546439046	1.25891654542455	0.439836420397045
C225G	0.763485234179553	2.48549062119998	6.59682146906329	5.55137433788784
G204T	1.0274415479472	1.03046315389324	1.03599552269813	0.564652967848696
C230A	0	0	0	0
C230T	0	0	0	0
A145T	0.76951073467577	1.2511506585147	2.05580991473136	1.77814564516445
A145G	0.789734949958352	0.371246661560638	0.281383655795823	0.261587110864054
A145C	0.663342310892251	0.956536664584609	1.05150213305787	0.884568564470715
T28A	0.445405163637803	0.59093048437311	0.401762626058619	0.0822353096345971
T28G	0.303327425762371	0.358628919897264	0.274427243777421	0.0288978006168412
T164G	0	0	0	0
A166T	0	0	0	0
A146C	0.444267159459692	0.261458335151051	0.0998460589064321	0.092601161094141
G15T	0	0	0	0
G39T	0.490357965842408	0.361122214142329	0.861606682717116	0.486296443228704
A37C	0.49308696500443	0.299936835686027	0.177737155436246	0.0336530211957781
A37G	0.515527922195553	0.563363044653384	0.713129772111007	0.246201550891787
C105G	0.941757917771539	2.12407426644312	4.80516399960869	5.89221372308766
A229C	0	0	0	0
A229G	0	0	0	0
A229T	0.0425812337675391	0.0416604050111344	0.0204668343363288	0.152532834903938
G83A	0	0	0	0
C16G	0.419439230667644	0.716025516707526	0.488643559935404	0.144804826041767
C16A	0.678356601869139	0.880469953532312	0.550106614408106	0.0583753456607041
T66G	0	0	0	0
G192T	1.07032924794298	1.01390632095501	0.895683774192634	0.527839721765876
A239C	0.626953577779289	0.601527715742158	0.555135139366578	0.260756312227186
C121T	0.376893601661965	0.2568376874181	0.218545697194503	0.0605288733673036
C121A	0.220057454529484	0.139626611093751	0.142274543243937	0.291679863746419
C121G	0.623129427738955	0.147867569433872	0.0882541480612248	0.294169783427069
C247G	0.446717036375738	0.460571092876555	0.33339381041254	0.271623440034637
C247A	0	0	0	0
C195G	0	0	0	0
C219G	0.155759324100035	0.169880178757064	0.295150219204248	0.272503416189586
C215T	0	0	0	0
C3G	0	0	0	0
C214T	0	0	0	0
T107A	0	0	0	0
T107G	0	0	0	0
A166G	0.136487342498514	0.170114806409773	0.320474546123334	0.252874485269117
G205C	0.213039184033528	0.431159800094767	1.13465816123738	0.633529234699192
G205T	0.357761010629062	0.570748494631891	0.893944842194796	0.462063024538052
C171G	1.39040994003271	0.604437485040207	0.366121385843597	0.205951553013184
G74A	0	0	0	0
T155G	0.374921760389089	0.54292828569402	1.12550038118051	0.949286923266602
T155A	1.15185468334126	1.14648129720816	0.519834407923082	0.366633288617451
T155C	0	0	0	0
G81T	0.576113307553346	0.647513455521452	1.2880966205783	0.670957785257182
C60G	0.663231380000949	0.731990218627053	0.984132402989136	0.758365139633214
G14C	0	0	0	0
G14T	0	0	0	0
C6G	0.214781167419002	0.203337459541931	0.0632756315364722	0.0226544212600033
G175A	0	0	0	0
G175C	0	0	0	0
G175T	0	0	0	0
T139C	0	0	0	0
T139A	0	0	0	0
T139G	0.524772641944639	0.417792978810734	0.201123426560544	0.227739690648176
G200T	0	0	0	0
G200C	0	0	0	0
