mutation	rf_0	rf_10	rf_40	rf_100
D18A	0	0	0	0
D18C	0	0	0	0
D18E	0	0	0	0
D18F	0	0	0	0
D18G	0	0	0	0
D18H	0	0	0	0
D18I	0	0	0	0
D18K	0	0	0	0
D18L	0	0	0	0
D18M	0	0	0	0
D18N	0	0	0	0
D18P	0	0	0	0
D18Q	0	0	0	0
D18R	0	0	0	0
D18S	0	0	0	0
D18T	0	0	0	0
D18V	0	0	0	0
D18W	0	0	0	0
D18Y	0	0	0	0
F19A	0	0	0	0
F19C	0	0	0	0
F19D	0	0	0	0
F19E	0	0	0	0
F19G	0	0	0	0
F19H	0	0	0	0
F19I	0	0	0	0
F19K	0	0	0	0
F19L	0.207676370582421	0.221180101655519	0.21925158897697	0.0163285300134523
F19M	0.117450274221447	0.134741065448324	0.104573277444596	0.0104000326395775
F19N	0	0	0	0
F19P	0	0	0	0
F19Q	0	0	0	0
F19R	0	0	0	0
F19S	0	0	0	0
F19T	0	0	0	0
F19V	0	0	0	0
F19W	0.167648391423389	0.433860682990007	0.706915355525468	0.295762583396977
F19Y	0.0427336147602908	0.106498540281759	0.149815546130132	0.153251707124891
K20A	0.117386314720768	0.197194668498525	0.260296539653126	0.0973991655042387
K20C	0.112573993800834	0.198832140086625	0.22427517624539	0.0579920601755119
K20D	0	0	0	0
K20E	0	0	0	0
K20F	0.0956787242132243	0.258681376676934	0.27174121299716	0.0492245366944087
K20G	0.217332117953298	0.207052877555269	0.238796320875162	0.0152930250001493
K20H	0	0	0	0
K20I	0.185572277932052	0.545000697971787	1.13752111326015	0.560272308526622
K20L	0.118074790718568	0.366894837663211	0.936284113059335	0.464925043552224
K20M	0.145442763820389	0.381420668214779	0.439103349827151	0.297525698648226
K20N	0	0	0	0
K20P	0	0	0	0
K20Q	0	0	0	0
K20R	0.520375627169921	0.750090182339635	0.737973364422955	0.161377208109168
K20S	0.125894919141853	0.167703755278858	0.197351807946459	0.0446044556812711
K20T	0.153668312687157	0.308046534403006	0.351162626510538	0.252980086650716
K20V	0.145576252986784	0.366612607733662	0.517024677157572	0.293457584194064
K20W	0.133710700433727	0.389797581657578	0.531608259664133	0.343037382993156
K20Y	0.269555629355147	0.68336006690801	0.701764788272095	0.151269327204346
N21A	1.65581936285218	0.418251336775032	0.196088803416784	0.0206960485949087
N21C	1.31861592046312	0.265756124928969	0.162830993540778	0.0181196444957587
N21D	0.756964558049155	0.312341752859264	0.286595818198421	0.0394650797517887
N21E	0.48386915879621	0.525238453012791	0.477982932891375	0.110149664496015
N21F	0.979312004923331	0.0723881382494854	0.0838253650966218	0.0111746036445233
N21G	1.72364633413257	1.34111724065642	0.427949641609575	0.0385417709182307
N21H	1.00175969975791	0.237054228773758	0.158643481940186	0.0126219426649091
N21I	0.504334478578758	0.0695860090571175	0.220507102401189	0.00170145742118934
N21K	1.19942785895733	0.64750266662357	0.340305336383585	0.00823234433765148
N21L	0.998917969836873	0.0501421657096181	0.190449313805399	0.0139978567481734
N21M	0.87133356661584	0.186391361001067	0.228605998262971	0.00275271028361565
N21P	0	0	0	0
N21Q	1.27017646644895	0.656446498678904	0.228775195962935	0.00602263454970391
N21R	0.303168995247427	0.198670196390411	0.0997209367600006	0
N21S	1.39301659849389	0.465386034393233	0.198594935431569	0.00979291324124194
N21T	0.886606636868981	0.273375017622143	0.189403839145759	0.00897324094891396
N21V	0.191283343226282	0.0906544662320213	0.104406402178909	0.00461798611689068
N21W	1.13401931806546	0.0895187967873741	0.122210058745852	0.00546932145482113
N21Y	0.704360021494411	0.0812601882817597	0.222753044934824	0.00920212312088268
W22A	0.017832318629982	0.0414863878901222	0.0875808017408965	0.14853004361312
W22C	0	0	0	0
W22D	0	0	0	0
W22E	0	0	0	0
W22F	NaN	NaN	NaN	NaN
W22G	0	0	0	0
W22H	0	0	0	0
W22I	0	0	0	0
W22K	0	0	0	0
W22L	0	0	0	0
W22M	0.0934103666082192	0.269203370010542	0.554100319925078	0.539463079195508
W22N	0	0	0	0
W22P	0	0	0	0
W22Q	0	0	0	0
W22R	0	0	0	0
W22S	0	0	0	0
W22T	0	0	0	0
W22V	0	0	0	0
W22Y	0.301975363433434	0.333958484992425	0.551286647166169	0.0436672177910209
L23A	0.257140957162852	0.339869013606541	0.164502620232869	0.0132749661335996
L23C	0.285734643963687	0.346758496286383	0.272940291708675	0.0101791825256096
L23D	0	0	0	0
L23E	NaN	NaN	NaN	NaN
L23F	0.121800284377796	0.276185666491091	0.627439664667575	0.291200913908169
L23G	0.0136419906140374	0.0318846414145218	0.0485852478024377	0.0326153600923656
L23H	0	0	0	0
L23I	0.524676180915742	0.663853967393169	0.609529211113474	0.133292834553456
L23K	0	0	0	0
L23M	0.678356601869139	0.880469953532312	0.550106614408106	0.0583753456607041
L23N	0	0	0	0
L23P	0	0	0	0
L23Q	0	0	0	0
L23R	0	0	0	0
L23S	0	0	0	0
L23T	0	0	0	0
L23V	0.400711026738249	0.630604765714694	0.45932809839583	0.109374697339899
L23W	0.110214132924679	0.204084169651233	0.253677759159857	0
L23Y	0	0	0	0
T24A	1.17591421354623	3.5288345966933	5.94474068636352	4.41081719596377
T24C	0.578594396848676	2.42842732980687	6.73184271731925	7.2176903218636
T24D	0	0	0	0
T24E	0	0	0	0
T24F	0.94761244265283	0.917328269552332	0.382798091227362	0.0249730820700283
T24G	1.11707125440081	5.63558617926474	24.791006502325	49.0934015843714
T24H	0.105633450515168	0.0125388657051027	0.244026875693797	0
T24I	0.7576828105256	0.369643534336756	0.188536325721014	0.0181147300274929
T24K	0.223722096417656	0.38581454276534	0.396367148931461	0.00650965005958738
T24L	0.428452785871364	0.139173699651708	0.263660980578461	0.0100916853397104
T24M	0.572503713435147	0.563456950911516	0.24891385757939	0.0402268868118868
T24N	0.982628531852696	0.196013703788926	0.149056226412594	0.0116013565418389
T24P	NaN	NaN	NaN	NaN
T24Q	0.228909516491034	0.313412366552692	0.152859275146891	0.0315737517860226
T24R	0.299001405479088	0.407344391526297	0.886094052993113	2.1471009006211
T24S	0.779066451485805	3.52198739168918	11.3690716976312	15.0532457279494
T24V	0.377340216943975	0.0933932811124549	0.215555629241667	0.00787289162127375
T24W	0.677161575284639	0.126889727464044	0.174822707426204	0.0212002962882599
T24Y	0.97808978363192	0.276143769393626	0.18959415665434	0.0166669488594608
S25A	1.37945733458715	1.0710394948794	0.580807572917115	0.0723808966203496
S25C	0.391774442589223	0.590830554181031	0.652845806301385	0.0934214500474395
S25D	0	0	0	0
S25E	0	0	0	0
S25F	0.123373478736837	0.2643665190264	0.71428060187001	0.309710223099311
S25G	2.10034820405691	4.7630640683129	6.10027874184092	0.883956652537717
S25H	0	0	0	0
S25I	0.0685390489130119	0.0579470568253055	0.413796770475742	0
S25K	0	0	0	0
S25L	0	0	0	0
S25M	0.302814310330053	0.0349398299160878	0.112150526577538	0
S25N	0	0	0	0
S25P	0	0	0	0
S25Q	0	0	0	0
S25R	0	0	0	0
S25T	0.262507374394398	0.224005789948199	0.12502473762275	0
S25V	0.299810852713698	0.0566932753707927	0.232578425574251	0.0138819328300789
S25W	1.09596569350497	2.38658741502088	2.35811842902781	0.442311321929579
S25Y	0.175191250984143	0.466378932878861	0.823748403779882	0.251828264491275
K26A	0.036866015277856	0.0250641043243591	0.110057290683251	0
K26C	0.141889422190758	0.0532382608664204	0.565751993932581	0
K26D	0	0	0	0
K26E	0	0	0	0
K26F	0.0413338314454771	0.0972517445501185	0.212926311905261	0
K26G	0	0	0	0
K26H	0	0	0	0
K26I	0.125471438635159	0.159599140791964	0.183311384035364	0
K26L	0.16439991242051	0.245395580796983	0.211103303132963	0.0299021727025757
K26M	0.110640117227702	0.140263501914223	0.353249883713491	0.192189668425913
K26N	0	0	0	0
K26P	0	0	0	0
K26Q	0	0	0	0
K26R	0	0	0	0
K26S	0	0	0	0
K26T	0	0	0	0
K26V	0.0665203274098025	0.0754471497751007	0.522241814118417	0.0129608494735875
K26W	0	0	0	0
K26Y	0	0	0	0
L27A	0.212481816047248	0.149934370705368	0.269225512954099	0
L27C	0.56035965254736	0.385481337613733	0.104385951796305	0.022975235504426
L27D	0	0	0	0
L27E	0	0	0	0
L27F	0.442308392401772	0.730546930508196	0.496784531251926	0.148757780570516
L27G	0	0	0	0
L27H	0	0	0	0
L27I	0.320358796750241	0.436737913277381	0.221680773509729	0.0416436150153395
L27K	0	0	0	0
L27M	0.445405163637803	0.59093048437311	0.401762626058619	0.0822353096345971
L27N	0	0	0	0
L27P	0	0	0	0
L27Q	0	0	0	0
L27R	0	0	0	0
L27S	0	0	0	0
L27T	0	0	0	0
L27V	0.278626685801407	0.351648409814343	0.314412580456073	0.0230804804979287
L27W	0.468197182526461	0.267718239687159	0.0548506638365509	0.0196380504590904
L27Y	0	0	0	0
F28A	0.186332301581064	1.01675321835436	4.62557470955855	17.4984068494187
F28C	1.81264245954712	8.70466056538805	48.9154272190532	98.9568241965943
F28D	NaN	NaN	NaN	NaN
F28E	0	0	0	0
F28G	0.0743355830350075	0.275085780824107	0.981287463664122	3.4818212046632
F28H	0	0	0	0
F28I	2.23744591952294	5.98647980911968	12.6493346628472	5.62725711042535
F28K	0	0	0	0
F28L	2.14283608304043	0.351628614594426	0.54398385726643	0.280616563277339
F28M	2.49021331483494	8.11317436573321	24.7219118193434	9.6087131220234
F28N	0	0	0	0
F28P	0	0	0	0
F28Q	0	0	0	0
F28R	0	0	0	0
F28S	0.195196312844443	0.923778449508809	4.06300480465093	16.7082663603311
F28T	0.708602823637496	3.35599709637569	14.9062085929429	44.7769660266138
F28V	2.04916235003597	6.13403001754425	11.5647686089045	5.27320816968504
F28W	0	0	0	0
F28Y	0.876908244054996	2.73698791592401	6.72961268154321	2.62303873310142
P29A	0	0	0	0
P29C	0	0	0	0
P29D	0	0	0	0
P29E	0	0	0	0
P29F	0	0	0	0
P29G	0	0	0	0
P29H	0	0	0	0
P29I	0	0	0	0
P29K	NaN	NaN	NaN	NaN
P29L	0	0	0	0
P29M	0	0	0	0
P29N	0	0	0	0
P29Q	0	0	0	0
P29R	0	0	0	0
P29S	0	0	0	0
P29T	0	0	0	0
P29V	0	0	0	0
P29W	0	0	0	0
P29Y	0	0	0	0
K30A	0.578386136326	0.0175299333879933	0.147373600138931	0.00220897216098273
K30C	1.62275993264547	0.0164625283752253	0.176230616810478	0.00515967230556517
K30D	0	0	0	0
K30E	0.515527922195553	0.563363044653384	0.713129772111007	0.246201550891787
K30F	0.0451408948680868	0.0325233736495989	0.281864176844285	0.0756863619368293
K30G	0.711404822023023	1.29307735904707	1.83460122923801	0.515987671740637
K30H	0.814931472975966	0.761871516333421	0.544617155021644	0.0179216877095705
K30I	0.263061263333812	0.00382899911341442	0.173821282876881	0.00377168565684247
K30L	0.164921051790616	0.00652937145465551	0.219067251666138	0
K30M	0.282506488608197	0.00616343207893306	0.171692524819981	0.0113834554150816
K30N	0.490357965842408	0.361122214142329	0.861606682717116	0.486296443228704
K30P	0	0	0	0
K30Q	0.49308696500443	0.299936835686027	0.177737155436246	0.0336530211957781
K30R	0.868042968282997	0.673455739861385	0.305204250504645	0.0270677182498981
K30S	0.33368975606143	0.0240651671485029	0.24163974856431	0.0169756225703072
K30T	0.28507428091247	0.0100411330616693	0.130812342631446	0.00568804374138703
K30V	0.495680692715969	0.00849489087123628	0.127082995021532	0.000852379008772353
K30W	0.64140028474403	0.0884334554516438	0.15587990199018	0.0581346918221144
K30Y	1.01980108826377	3.77084312532406	17.5630574857835	12.5429192642889
L31A	0	0	0	0
L31C	0	0	0	0
L31D	NaN	NaN	NaN	NaN
L31E	0	0	0	0
L31F	NaN	NaN	NaN	NaN
L31G	0	0	0	0
L31H	0	0	0	0
L31I	NaN	NaN	NaN	NaN
L31K	NaN	NaN	NaN	NaN
L31M	0.594366722493285	2.87200531052351	9.43232391821839	36.4010351917354
L31N	0	0	0	0
L31P	0	0	0	0
L31Q	0	0	0	0
L31R	0	0	0	0
L31S	0	0	0	0
L31T	NaN	NaN	NaN	NaN
L31V	0.293401621873572	1.5843107370606	5.43637749198905	20.1093274775087
L31W	0	0	0	0
L31Y	NaN	NaN	NaN	NaN
P32A	0	0	0	0
P32C	0	0	0	0
P32D	0	0	0	0
P32E	0	0	0	0
P32F	0	0	0	0
P32G	0	0	0	0
P32H	0	0	0	0
P32I	0	0	0	0
P32K	NaN	NaN	NaN	NaN
P32L	0	0	0	0
P32M	0	0	0	0
P32N	0	0	0	0
P32Q	NaN	NaN	NaN	NaN
P32R	0	0	0	0
P32S	0	0	0	0
P32T	0	0	0	0
P32V	0	0	0	0
P32W	0	0	0	0
P32Y	0	0	0	0
G33A	0	0	0	0
G33C	0	0	0	0
G33D	0	0	0	0
G33E	0	0	0	0
G33F	0	0	0	0
G33H	0	0	0	0
G33I	0	0	0	0
G33K	0	0	0	0
G33L	0.116864088019312	0.478872882654959	1.88938771079477	3.31997171121012
G33M	0.0508349591143652	0.180781518424632	0.438688607152329	0.430052413511038
G33N	0	0	0	0
G33P	0	0	0	0
G33Q	0	0	0	0
G33R	0	0	0	0
G33S	0	0	0	0
G33T	0	0	0	0
G33V	0	0	0	0
G33W	0	0	0	0
G33Y	0	0	0	0
L34A	0.202439108338495	0.318157860776065	0.118836379122265	0.0210042485917544
L34C	1.0781845029824	1.01479673898016	0.295480962169954	0.0361268537338357
L34D	0	0	0	0
L34E	0	0	0	0
L34F	0.18474594574584	0.339309799075118	0.35555870648286	0.0173590668255663
L34G	0	0	0	0
L34H	0	0	0	0
L34I	1.30370036015739	1.67947532315998	0.605407630530774	0.0583996721000682
L34K	0	0	0	0
L34M	0.386974745364311	0.699466733917949	0.428898515445426	0.0712852097688024
L34N	0	0	0	0
L34P	0	0	0	0
L34Q	0	0	0	0
L34R	0	0	0	0
L34S	0	0	0	0
L34T	0	0	0	0
L34V	1.61210786928429	1.81265219047536	0.666754813308337	0.0655139684938214
L34W	0	0	0	0
L34Y	0	0	0	0
P35A	0.212559668105688	0.276998025299323	0.564864681809433	0.148593096595491
P35C	0.199117430906935	0.195797202717494	0.476295931260336	0.333472224999842
P35D	0	0	0	0
P35E	0	0	0	0
P35F	0.153858764833858	0.172592381428836	0.672278242212763	0.0180853118304787
P35G	0.033354215551445	0.0532914820017166	0.587283514071585	0.0860156181315316
P35H	0	0	0	0
P35I	0.0378526459383175	0.129887398732548	1.10042824190112	0.0949259211442269
P35K	0	0	0	0
P35L	0.0299666780345014	0.0244827438087145	0.292587388069775	0.092043803383388
P35M	0.182197402449768	0.266999010880316	1.05774294670846	0.196484392437653
P35N	0	0	0	0
P35Q	0	0	0	0
P35R	0	0	0	0
P35S	0.0930489585364412	0.135563647560725	1.10784138468156	0.198946528672456
P35T	0	0	0	0
P35V	0	0	0	0
P35W	0.340461753803747	0.654541012292408	0.577687870456487	0.318790154043518
P35Y	0.221096903660915	0.143013828427781	0.900870727854986	0.0802321259710814
F36A	0	0	0	0
F36C	0	0	0	0
F36D	0	0	0	0
F36E	0	0	0	0
F36G	0	0	0	0
F36H	0	0	0	0
F36I	1.16804804832303	1.29395103138762	1.31262049969655	0.68750029768974
F36K	0	0	0	0
F36L	0.786690230392748	1.22634053241302	2.35416447577826	2.12986643281816
F36M	1.04268336497339	1.41359300112807	1.88377519107546	1.63880809490923
F36N	0	0	0	0
F36P	0	0	0	0
F36Q	0	0	0	0
F36R	0	0	0	0
F36S	0	0	0	0
F36T	0	0	0	0
F36V	0.567225994576242	0.658406478350931	0.733121553455853	0.5910460168863
F36W	0.998776716913297	1.84200716145412	3.41080935373004	1.97896966977721
F36Y	1.06786444802731	1.39002420376289	1.06719492123888	1.09029419001073
I37A	0	0	0	0
I37C	0	0	0	0
I37D	0	0	0	0
I37E	0	0	0	0
I37F	0.88288033491993	1.15183036141059	1.25535350547042	0.859836168699222
I37G	0	0	0	0
I37H	0	0	0	0
I37K	0	0	0	0
I37L	1.01472464289146	1.22225275835104	1.37179882519353	1.328077125213
I37M	0.663231380000949	0.731990218627053	0.984132402989136	0.758365139633214
I37N	0	0	0	0
I37P	0	0	0	0
I37Q	0	0	0	0
I37R	0	0	0	0
I37S	0	0	0	0
I37T	0	0	0	0
I37V	0.910569690110083	1.26069262768757	1.02552374533214	0.817042539816487
I37W	0.236155313465921	0.465157515802107	0.587928724931387	0.773494875211241
I37Y	0.405702718005557	0.912656423973346	2.00297661421238	4.66560808082869
S38A	0.343077967984183	1.06132977994682	5.91184679245849	47.9667290915832
S38C	1.66228382617829	1.2369410584375	1.0637798625734	0.564799804504238
S38D	0	0	0	0
S38E	0	0	0	0
S38F	0.561998027401141	0.602612637117316	0.530987125181125	0.289711643436238
S38G	1.28660317176054	3.55398200560043	9.69917035695714	12.2473487935152
S38H	0.390263713937692	1.01556698783088	1.60067921166519	4.00754980736433
S38I	0	0	0	0
S38K	0	0	0	0
S38L	0	0	0	0
S38M	1.41529370958127	2.55706035577089	0.7876009143743	5.43598883218091
S38N	0.465897032083569	0.692686113132897	1.98221365611235	2.1645572143162
S38P	0	0	0	0
S38Q	1.21365046039731	2.2739572449534	2.04811171648843	1.34270770686038
S38R	0	0	0	0
S38T	1.43931330763931	2.37959879303688	2.31239073065569	1.98604109045246
S38V	0.128039442511051	0.165770432624823	0.198333192622783	0.123184054470518
S38W	0.294475702260297	0.558530425056002	1.41268837210621	0.753450960258237
S38Y	0.187291737715634	0.515606584611527	2.97332048416853	2.28245330162098
C39A	0	0	0	0
C39D	0	0	0	0
C39E	0	0	0	0
C39F	0	0	0	0
C39G	0	0	0	0
C39H	NaN	NaN	NaN	NaN
C39I	0	0	0	0
C39K	0	0	0	0
C39L	0	0	0	0
C39M	0	0	0	0
C39N	0	0	0	0
C39P	0	0	0	0
C39Q	0	0	0	0
C39R	0	0	0	0
C39S	0	0	0	0
C39T	0	0	0	0
C39V	0	0	0	0
C39W	0	0	0	0
C39Y	0	0	0	0
Q40A	0	0	0	0
Q40C	0	0	0	0
Q40D	0	0	0	0
Q40E	0	0	0	0
Q40F	0	0	0	0
Q40G	0	0	0	0
Q40H	0	0	0	0
Q40I	0	0	0	0
Q40K	0	0	0	0
Q40L	0	0	0	0
Q40M	0	0	0	0
Q40N	0	0	0	0
Q40P	0	0	0	0
Q40R	0	0	0	0
Q40S	0	0	0	0
Q40T	NaN	NaN	NaN	NaN
Q40V	0	0	0	0
Q40W	0	0	0	0
Q40Y	0	0	0	0
K41A	0.933620020772221	0.96058282804249	0.913872389928989	0.488163516210231
K41C	0	0	0	0
K41D	0	0	0	0
K41E	0.422863123375742	0.253314789274166	0.435220078750437	0.14758078179615
K41F	0.0850666989366491	0.0272943105170701	0.319711880018121	0.000601347837539489
K41G	0.0070509830669415	0.0117517170281829	0.445936050921396	0.0169969197610426
K41H	0.202360533039066	0.145310204470156	0.50369169920305	0.163097880606575
K41I	0.661351555230996	0.528520699737063	0.631521168515351	0.308562033664773
K41L	0.609105521931005	0.603283476556519	0.749782099466691	0.348080963361053
K41M	0.543202622981898	0.526590534628427	0.973969350602483	0.895819334806636
K41N	0.500368873088543	0.42230903398787	0.626993075521265	0.318038105082184
K41P	0.657835013208588	0.68680705240117	0.809292411074107	0.406955573041411
K41Q	0.736122632188693	0.649109546439046	1.25891654542455	0.439836420397045
K41R	0.852301741692082	0.955957043560539	1.2505507726789	1.2363742808742
K41S	0.64706794010745	0.65502147961853	0.924977165259261	0.350553469237453
K41T	0.860859668330728	0.800225710600385	1.08074348151475	0.79273682790573
K41V	0.883163722192754	0.732971521910807	0.972868216564754	0.443942613182331
K41W	0.168253274835916	0.207649605470462	0.403368677824932	0.261925601916913
K41Y	0.212695820034356	0.184846556563599	0.74487600035321	0.16595391751165
G42A	0	0	0	0
G42C	0	0	0	0
G42D	0	0	0	0
G42E	0	0	0	0
G42F	0	0	0	0
G42H	0	0	0	0
G42I	0	0	0	0
G42K	0	0	0	0
G42L	0	0	0	0
G42M	0	0	0	0
G42N	0	0	0	0
G42P	0	0	0	0
G42Q	0	0	0	0
G42R	0	0	0	0
G42S	0	0	0	0
G42T	0	0	0	0
G42V	0	0	0	0
G42W	0	0	0	0
G42Y	0	0	0	0
Y43A	0	0	0	0
Y43C	0	0	0	0
Y43D	0	0	0	0
Y43E	0	0	0	0
Y43F	1.40888831322958	1.89780270922927	1.80655446958838	1.40327226905522
Y43G	0	0	0	0
Y43H	0	0	0	0
Y43I	0	0	0	0
Y43K	0	0	0	0
Y43L	0	0	0	0
Y43M	0	0	0	0
Y43N	0	0	0	0
Y43P	0	0	0	0
Y43Q	0	0	0	0
Y43R	0	0	0	0
Y43S	0	0	0	0
Y43T	0	0	0	0
Y43V	0	0	0	0
Y43W	0	0	0	0
K44A	0.869902335416791	1.0393196136676	0.806571272124391	0.792071954950263
K44C	0.888266008604772	1.01345404460957	1.26288223168479	2.88662444481936
K44D	0.543069593768107	0.345356582052723	1.07932953745762	0.381205439380645
K44E	0.565085928650597	0.375719181558192	0.68865355894724	0.38788224123806
K44F	0.318704434625756	0.436887362459507	0.814717102211886	0.526794855045476
K44G	0.455555061220522	0.649819451206966	1.05932977482857	0.995858526559965
K44H	0.994106940820216	1.10257422310751	1.29846148803417	1.14528204833505
K44I	0.307780029419857	0.384881562058393	0.528197413892988	0.45277553207089
K44L	0.398273489018929	0.462713954151406	0.989857504102176	0.265669158509341
K44M	0.578023922976604	0.535878296485142	0.451269917455365	0.478886691245892
K44N	0.576113307553346	0.647513455521452	1.2880966205783	0.670957785257182
K44P	0	0	0	0
K44Q	0.875657876039746	0.835237824992539	0.772020055538495	0.756463929738491
K44R	0.836005441794789	0.858145004095705	0.938821123767621	0.609290415180645
K44S	0.8349643057821	1.07932710279498	0.880302630413038	0.690523373104909
K44T	0.82262768370373	0.970038128429683	0.745393499539106	0.704347017174658
K44V	0.393661453653953	0.4301594390523	0.716636589930312	0.406499843587028
K44W	0.447502391981887	0.360385988864277	0.752467985414281	0.47194780536495
K44Y	0.492680501858574	0.69066784171935	1.17192695466921	1.03131627640257
G45A	0	0	0	0
G45C	0	0	0	0
G45D	0	0	0	0
G45E	0	0	0	0
G45F	0	0	0	0
G45H	0	0	0	0
G45I	0	0	0	0
G45K	0	0	0	0
G45L	0	0	0	0
G45M	0	0	0	0
G45N	0	0	0	0
G45P	0	0	0	0
G45Q	0	0	0	0
G45R	0	0	0	0
G45S	0	0	0	0
G45T	0	0	0	0
G45V	0	0	0	0
G45W	NaN	NaN	NaN	NaN
G45Y	0	0	0	0
V46A	0.618395113677295	0.694659647854055	0.813416528457183	0.922373362498282
V46C	0.82585522310714	0.973013909291396	0.93105639516197	0.75078940325043
V46D	0.406042958460107	0.595825062609718	1.24516695160202	0.694217246014407
V46E	0.601857070419249	0.811239581798145	1.16202558675791	0.565729055625439
V46F	0.539735027839287	0.923855653746315	1.6224323351943	0.847315900518769
V46G	0.505137661561027	0.846267474483615	1.01832182745253	0.84939083675336
V46H	0.649335103467596	0.996814214664844	2.27093000383546	1.03701575515346
V46I	1.04674529173351	1.25364345995948	1.09852600666856	0.796913561509219
V46K	0.12447697029716	0.141020604338195	0.416070215051406	0.255966019924982
V46L	0.777399293684783	1.021960460048	1.0996610374041	0.657773690108174
V46M	0.680551660035872	0.877095441000645	1.04264280648861	0.590613497635747
V46N	0.664040369897269	0.861099265427918	1.27793250960811	0.626066958825957
V46P	0.616457376709743	0.778131548937542	2.28647441487732	1.0948718601373
V46Q	0.81220030810752	0.960398943337709	0.872035849997336	0.758849130644013
V46R	0.27871564123598	0.402581313614731	0.668494261189446	0.507363415891708
V46S	0.641700966394432	0.834099219645983	0.929078925710032	0.633724875114155
V46T	0.95424877365173	1.07793345034029	0.934051273186621	1.98178583571548
V46W	0.848012261991263	1.15552704151745	1.78518829111929	1.40008137124567
V46Y	0.63332561338588	1.06923085080303	3.16027426500859	1.25414681655204
W47A	0	0	0	0
W47C	0	0	0	0
W47D	0	0	0	0
W47E	0	0	0	0
W47F	0	0	0	0
W47G	0	0	0	0
W47H	0	0	0	0
W47I	0	0	0	0
W47K	0	0	0	0
W47L	0	0	0	0
W47M	0	0	0	0
W47N	0	0	0	0
W47P	0	0	0	0
W47Q	0	0	0	0
W47R	0	0	0	0
W47S	0	0	0	0
W47T	0	0	0	0
W47V	0	0	0	0
W47Y	0	0	0	0
A48C	1.17633578870777	1.26165146155172	0.744066734977295	1.51458102408011
A48D	0.602859052223498	0.366722699026532	0.901485465944713	0.389010147434185
A48E	0.133656687870696	0.146012484137777	0.537448251704347	0.192521776271381
A48F	0.843754510021715	0.877505306137951	0.731932333616192	0.542642514706619
A48G	0.851678167427453	0.747932650594243	0.897335575745781	0.79824526807288
A48H	0.754779084911399	0.433277086473713	0.705942868130533	0.292471789254188
A48I	0.622775236249275	0.54119500072128	0.714377489354321	0.594601466487093
A48K	0.315078214762757	0.222946860191814	0.972429434943871	0.3243670235688
A48L	0.66869499185672	0.673869917029666	0.78895701686721	1.09876615598517
A48M	0.566204569898117	0.482824313680521	0.424290787932955	0.348292206327268
A48N	0.582994672304509	0.432587933452389	0.575387841044856	0.4161682476594
A48P	0	0	0	0
A48Q	0.656961787679453	0.531878192804395	0.718390239730571	0.346710275938302
A48R	0.428748986475823	0.407033460033519	0.518279816337715	0.265090047350419
A48S	0.723225823193698	0.649797582585434	0.890249068922905	0.481586307422318
A48T	0.477069340261473	0.396200257989516	0.623241981512018	0.296903619758855
A48V	0.922759088325823	0.780455681568328	0.819789031233604	0.545423580959402
A48W	0.761340913814051	0.717772841611986	0.524383815442621	0.796936221699208
A48Y	0.811893518578021	0.660151689813324	0.665817622314849	0.57186726150398
G49A	0	0	0	0
G49C	0	0	0	0
G49D	0	0	0	0
G49E	0	0	0	0
G49F	0	0	0	0
G49H	0	0	0	0
G49I	0	0	0	0
G49K	0	0	0	0
G49L	0	0	0	0
G49M	0	0	0	0
G49N	0.0334511754803736	0.0295159404428781	1.02102148244085	0
G49P	0	0	0	0
G49Q	0	0	0	0
G49R	0	0	0	0
G49S	0	0	0	0
G49T	0	0	0	0
G49V	0	0	0	0
G49W	0	0	0	0
G49Y	0	0	0	0
T50A	1.3684782969089	1.01260628392843	0.710381090854094	0.528183850638851
T50C	0.988027559273463	0.96797638123402	1.61533420230598	0.523417828457187
T50D	NaN	NaN	NaN	NaN
T50E	0.973035663237927	0.758703613385132	0.479761734039324	1.65194876724694
T50F	NaN	NaN	NaN	NaN
T50G	1.58928287324899	1.06313435576642	0.733456381387572	0.495165431655351
T50H	NaN	NaN	NaN	NaN
T50I	0.470246332233714	0.825784115788086	0.347941758785679	1.2346596255205
T50K	0.713384637198696	0.740833309582595	0.571234938462154	0.727632504306441
T50L	NaN	NaN	NaN	NaN
T50M	0.849176225748762	1.01262988175379	1.14252945546491	0.584857865512503
T50N	0.938696459989835	0.986228512157379	0.778042138299971	0.622441870126426
T50P	NaN	NaN	NaN	NaN
T50Q	NaN	NaN	NaN	NaN
T50R	0.759359307149733	0.659333952199762	0.724932670537478	0.498469370686199
T50S	1.02719113040485	0.894109803894252	0.858724946767349	0.710588518665847
T50V	NaN	NaN	NaN	NaN
T50W	0.279000105838461	0.15317755298804	0.855129588990509	0.12293934454525
T50Y	NaN	NaN	NaN	NaN
G51A	0	0	0	0
G51C	0	0	0	0
G51D	0	0	0	0
G51E	0	0	0	0
G51F	0	0	0	0
G51H	0	0	0	0
G51I	0	0	0	0
G51K	0	0	0	0
G51L	0	0	0	0
G51M	0	0	0	0
G51N	0	0	0	0
G51P	0	0	0	0
G51Q	0	0	0	0
G51R	0	0	0	0
G51S	0	0	0	0
G51T	0	0	0	0
G51V	0	0	0	0
G51W	0	0	0	0
G51Y	0	0	0	0
I52A	0	0	0	0
I52C	0.621196508489397	0.361368264603819	0.18693251807919	0.09013120923712
I52D	0	0	0	0
I52E	0	0	0	0
I52F	0.510581032897187	0.81620076569205	1.54494524308765	1.49286334745749
I52G	0	0	0	0
I52H	0	0	0	0
I52K	0	0	0	0
I52L	0.514029974791129	1.47044537712171	4.12075500668761	4.41879532199661
I52M	0.941757917771539	2.12407426644312	4.80516399960869	5.89221372308766
I52N	0	0	0	0
I52P	0	0	0	0
I52Q	0.048776776447508	0.0498694469644603	0.439225092100282	0.275907319862906
I52R	0	0	0	0
I52S	0.048482857036436	0.034360156816643	0.103565697591746	0.0146788078927153
I52T	0.28490836530083	0.35622661920984	0.282730500292989	0.114148286031439
I52V	0.505541308671582	0.618085592371961	0.606348651743991	0.914983811766082
I52W	0	0	0	0
I52Y	0	0	0	0
M53A	0	0	0	0
M53C	0.197226290316937	0.260266206928737	0.246514628821048	0.274348298457486
M53D	0	0	0	0
M53E	NaN	NaN	NaN	NaN
M53F	0	0	0	0
M53G	0	0	0	0
M53H	0	0	0	0
M53I	0.0682868346798345	0.0483888494832576	0.0264988891595934	0.025890833851073
M53K	0	0	0	0
M53L	0	0	0	0
M53N	0	0	0	0
M53P	0	0	0	0
M53Q	0	0	0	0
M53R	0	0	0	0
M53S	0	0	0	0
M53T	0	0	0	0
M53V	0.359512896827693	0.218150338772796	0.22481665735258	0.1287852607092
M53W	0	0	0	0
M53Y	0	0	0	0
T54A	0.514658166527753	0.51772704633195	0.357933667519548	0.238418338146242
T54C	0.878785746404241	1.25182779397258	1.00543805575098	0.624072973787796
T54D	0	0	0	0
T54E	0.213675710517299	0.272783676501167	0.229545603489787	0.322396026813673
T54F	0.912413353968338	0.171513614041039	0.102910874020921	0.103193429961158
T54G	0.0381026484386343	0.0438322697006997	0.0973434362561447	0.100817103289948
T54H	0.981626707843668	1.14410301424092	0.89683364695832	1.70964130447063
T54I	1.28740342934598	2.29538155507404	4.08248955884327	4.24118651642301
T54K	0	0	0	0
T54L	1.4308098795359	4.14283946625529	19.8106383013493	28.8968449213646
T54M	1.17045155994887	2.16220353934519	4.50760133428357	4.12599107532402
T54N	0.859898166527866	0.639375230056312	0.368797092580065	0.305278810086937
T54P	0	0	0	0
T54Q	1.29696500102196	1.60257103821457	1.05922549934798	1.79583537069705
T54R	0.310062683114247	0.31776336838355	0.64915179921073	0.637949322244924
T54S	0.463148087549984	0.471600295149284	0.757766068312823	1.05507094812657
T54V	0.757288183761378	1.10564057619677	1.27262521008487	0.668369932575505
T54W	0.195133603406294	0.137680290163882	0.103330196132865	0.0202180559188235
T54Y	0.75011115117293	0.536476430541795	0.257793188024047	0.309438245275172
T55A	0.393707128329849	0.505816995743242	0.453293977477587	0.366543798920774
T55C	0	0	0	0
T55D	0	0	0	0
T55E	0	0	0	0
T55F	0	0	0	0
T55G	1.53986957324677	2.31439864377702	2.78072356408639	1.83128671372016
T55H	0	0	0	0
T55I	0	0	0	0
T55K	0	0	0	0
T55L	0	0	0	0
T55M	0	0	0	0
T55N	0	0	0	0
T55P	0	0	0	0
T55Q	0	0	0	0
T55R	0.461537168462823	0.470415077558996	0.569527997130474	0.382691437000226
T55S	1.00769376435219	1.78071851586706	2.370616914327	1.50661874228654
T55V	0	0	0	0
T55W	0	0	0	0
T55Y	0	0	0	0
R56A	0.249966099850824	0.00714592722514751	0.0458556469530844	0.0294188406256277
R56C	1.27608753939301	0.0214611847390914	0.0432773773375568	0.0430772865484682
R56D	0	0	0	0
R56E	0	0	0	0
R56F	1.47256546057772	0.0325192280938526	0.0675860175793774	0.0781205484261659
R56G	0	0	0	0
R56H	2.97330588193621	0.194138038036206	0.0726467188874951	0.252778696075701
R56I	0.512764135512858	0.0203099244524086	0.0197188041368233	0.0358286907346082
R56K	0	0	0	0
R56L	0.452096077127622	0.051034698857619	0.0438470592049121	0.0460148559407498
R56M	0.238443013600021	0.0208023660480142	0.0222753072755659	0.0689068645365206
R56N	0.0403147619837244	0.00593602614360143	0.0497324354849763	0.0449833129338198
R56P	1.02145497029792	0.0186271433007081	0.0456033391105048	0.0342142194677128
R56Q	0	0	0	0
R56S	0.751643678033867	0.0157553741937493	0.0803432011867194	0.0473049077853507
R56T	1.42763603681302	0.039679344189633	0.0423451103412924	0.0719746271985597
R56V	0.567883990625212	0.0229720695646378	0.0552275903282946	0.0470468036765885
R56W	0.156564150615542	0.0957293844405031	0.564008604363138	0.176428290160763
R56Y	3.28920037451134	0.136176751659946	0.102493686402762	0.524779843330284
C57A	0	0	0	0
C57D	0	0	0	0
C57E	0	0	0	0
C57F	0	0	0	0
C57G	0	0	0	0
C57H	0	0	0	0
C57I	0	0	0	0
C57K	0	0	0	0
C57L	0	0	0	0
C57M	0	0	0	0
C57N	0	0	0	0
C57P	0	0	0	0
C57Q	0	0	0	0
C57R	0	0	0	0
C57S	0	0	0	0
C57T	0	0	0	0
C57V	0	0	0	0
C57W	0	0	0	0
C57Y	0	0	0	0
P58A	0.607368578802116	0.15083415465889	0.0921352994244948	0.189042163206587
P58C	0.0957202743595742	0.0236239378164683	0.0280846643382595	0.0228101093731193
P58D	0	0	0	0
P58E	0	0	0	0
P58F	0.0855278976634996	0.0684805374712187	0.0884231560231296	0.0460151845460365
P58G	1.13122416515728	0.221205553601363	0.0828640208239304	0.205683274592575
P58H	0.248880852346375	0.255019882526144	0.401286250284023	0.578943212768142
P58I	0	0	0	0
P58K	0.173931703708191	0.0283045147489131	0.0755940232792092	0.146782811992637
P58L	0.258113519007328	0.0768714559061209	0.0775202583686487	0.0712293373424744
P58M	0.396185810225263	0.0695237519354746	0.0246961677376686	0.0355689694638
P58N	0.147637547678054	0.411196636898119	2.44726539244691	7.35550604137705
P58Q	0	0	0	0
P58R	0.354980681335841	0.0709694923368755	0.076084728787167	0.128357931097621
P58S	0.394929907988181	0.3344805388382	0.310651921608739	0.146303458270155
P58T	0.196394662162834	0.123609519203744	0.0960910048739458	0.17954656843383
P58V	0	0	0	0
P58W	0.129017654215491	0.323616645248818	0.487072105314253	0.49364521893014
P58Y	0.0909523075982439	0.00509000054843628	0.0354781011934584	0.0389101188257524
C59A	0	0	0	0
C59D	0	0	0	0
C59E	0	0	0	0
C59F	0	0	0	0
C59G	0	0	0	0
C59H	0	0	0	0
C59I	0	0	0	0
C59K	0	0	0	0
C59L	0	0	0	0
C59M	0	0	0	0
C59N	0	0	0	0
C59P	0	0	0	0
C59Q	0	0	0	0
C59R	0	0	0	0
C59S	0	0	0	0
C59T	0	0	0	0
C59V	0	0	0	0
C59W	0	0	0	0
C59Y	0	0	0	0
G60A	0	0	0	0
G60C	0	0	0	0
G60D	0	0	0	0
G60E	0	0	0	0
G60F	0	0	0	0
G60H	0	0	0	0
G60I	0	0	0	0
G60K	0	0	0	0
G60L	0	0	0	0
G60M	0	0	0	0
G60N	0	0	0	0
G60P	0	0	0	0
G60Q	0	0	0	0
G60R	0	0	0	0
G60S	0	0	0	0
G60T	0	0	0	0
G60V	0	0	0	0
G60W	0	0	0	0
G60Y	0	0	0	0
A61C	0	0	0	0
A61D	0	0	0	0
A61E	0	0	0	0
A61F	0	0	0	0
A61G	0.602847312212023	0.736734880785939	0.606732207816877	0.578177605853945
A61H	0	0	0	0
A61I	0	0	0	0
A61K	0	0	0	0
A61L	0	0	0	0
A61M	0	0	0	0
A61N	0	0	0	0
A61P	0	0	0	0
A61Q	0	0	0	0
A61R	0	0	0	0
A61S	0.583049725975287	2.03708123846025	9.72400056155491	32.2139887589954
A61T	0	0	0	0
A61V	0	0	0	0
A61W	0	0	0	0
A61Y	0	0	0	0
N62A	0.478128507692069	0.0996204399706407	0.0643861333782385	0.0469152475033565
N62C	0.255584349340827	0.104052807507756	0.0236165538474973	0.0334954420959552
N62D	1.65818021745698	2.33596946288834	2.54112879033848	1.63392901057536
N62E	1.31712188566733	2.88680914075245	6.77268258847329	9.38297841239839
N62F	0	0	0	0
N62G	0.687946552430874	0.136658910809563	0.054379178978369	0.101565338000816
N62H	0.246579719260797	0.184906453433899	0.213679564332941	0.196429387823354
N62I	0.390398725832645	0.80047993726305	1.40585247443327	1.74523344301919
N62K	0.835477663740645	0.705366893079447	1.09517532314612	1.35487561240377
N62L	0.1343162666893	0.334031922987567	0.963884254211196	1.98520450392857
N62M	0.326700382226265	0.290848197766138	0.413389504414083	0.46614090352376
N62P	0.496010834398317	0.648352103996418	0.751861288034673	0.47034808455417
N62Q	0.560297099285724	0.423515569927535	0.246592040763623	0.246243250088312
N62R	0	0	0	0
N62S	0.612582954258596	0.228759689310879	0.0502845716541107	0.139230860163016
N62T	0.763719084964702	0.621176119610525	0.382372895691163	0.201217384140405
N62V	0.577824268414101	1.3108202183087	2.86028235198732	3.46579794719569
N62W	0	0	0	0
N62Y	0	0	0	0
I63A	0	0	0	0
I63C	0	0	0	0
I63D	0	0	0	0
I63E	0	0	0	0
I63F	0	0	0	0
I63G	0	0	0	0
I63H	0	0	0	0
I63K	0	0	0	0
I63L	0.646704472927463	1.20064974361935	1.5543608607747	3.23054552454478
I63M	0.189032807100795	0.22516411731007	0.323364841995401	0.608302689815552
I63N	0	0	0	0
I63P	0	0	0	0
I63Q	0	0	0	0
I63R	0	0	0	0
I63S	0	0	0	0
I63T	0	0	0	0
I63V	0.349097764330286	0.645263851511989	1.06447010473224	1.10618559115647
I63W	0	0	0	0
I63Y	0	0	0	0
S64A	0.508275011924109	0.386822476886357	0.241033284433597	0.200784451990076
S64C	0.289583188230609	0.427716449573172	0.780973731610179	0.46611636860168
S64D	0	0	0	0
S64E	0	0	0	0
S64F	0	0	0	0
S64G	0.483831491874286	0.205478572690711	0.104515855516282	0.0845838297220844
S64H	0	0	0	0
S64I	0	0	0	0
S64K	0	0	0	0
S64L	0	0	0	0
S64M	0	0	0	0
S64N	0.622782821523517	0.845145971663294	0.952938412984558	0.45897908783405
S64P	0	0	0	0
S64Q	0.290462936375854	0.836140703524184	3.06152497626275	7.52591565774154
S64R	0	0	0	0
S64T	0	0	0	0
S64V	0	0	0	0
S64W	0	0	0	0
S64Y	0	0	0	0
G65A	0.342860694722499	0.584614214576216	1.43863217570005	1.828487148862
G65C	0	0	0	0
G65D	0	0	0	0
G65E	0	0	0	0
G65F	NaN	NaN	NaN	NaN
G65H	NaN	NaN	NaN	NaN
G65I	NaN	NaN	NaN	NaN
G65K	0	0	0	0
G65L	0	0	0	0
G65M	0	0	0	0
G65N	0	0	0	0
G65P	0	0	0	0
G65Q	0	0	0	0
G65R	0	0	0	0
G65S	0	0	0	0
G65T	NaN	NaN	NaN	NaN
G65V	0	0	0	0
G65W	0	0	0	0
G65Y	NaN	NaN	NaN	NaN
N66A	NaN	NaN	NaN	NaN
N66C	0.857295567619419	0.754100894456302	0.648240220260049	0.996993072961931
N66D	0.789734949958352	0.371246661560638	0.281383655795823	0.261587110864054
N66E	1.1994833199198	0.534310596712196	0.429338214150298	0.505434379405
N66F	0.679202888400515	1.28869142973442	1.86331054500836	2.53761446134708
N66G	0.0418837154860868	0.030916039517083	0.0569604331228307	0.0433689004633841
N66H	0.663342310892251	0.956536664584609	1.05150213305787	0.884568564470715
N66I	1.58176685167107	1.03885821710868	0.629955390687562	0.839567846671529
N66K	0.668641990435768	0.748080593691016	0.953368099223535	1.13202217215656
N66L	0.618036010294335	1.05856713862852	1.99252446507546	2.89745489140859
N66M	1.36084932616664	1.71139473950826	1.90653049475119	1.90393988704327
N66P	NaN	NaN	NaN	NaN
N66Q	0.743528818038514	0.49224598624042	0.55976815328289	0.275239677753027
N66R	0.309180094008656	0.335551386180729	0.491938545927548	0.732434460579479
N66S	0.926987249969436	0.833245996142494	0.602434349111623	0.47894142081253
N66T	0.444267159459692	0.261458335151051	0.0998460589064321	0.092601161094141
N66V	1.328276720234	0.785379754902025	0.462596961732875	0.316883987976075
N66W	0.237474903993961	0.856548265830696	4.61356509592802	19.3229729760737
N66Y	0.76951073467577	1.2511506585147	2.05580991473136	1.77814564516445
V67A	0	0	0	0
V67C	0.948306032437812	1.32380177458266	1.65189328434091	1.1025248482445
V67D	0	0	0	0
V67E	NaN	NaN	NaN	NaN
V67F	0	0	0	0
V67G	0	0	0	0
V67H	NaN	NaN	NaN	NaN
V67I	0.533696609341332	0.255828765392698	0.151650118245446	0.0419633909404382
V67K	NaN	NaN	NaN	NaN
V67L	0	0	0	0
V67M	0	0	0	0
V67N	NaN	NaN	NaN	NaN
V67P	NaN	NaN	NaN	NaN
V67Q	NaN	NaN	NaN	NaN
V67R	0	0	0	0
V67S	0	0	0	0
V67T	0	0	0	0
V67W	0	0	0	0
V67Y	0	0	0	0
R68A	0.194975364392631	0.30166252470705	0.471856557180443	0.278812848587509
R68C	0.167094872471761	0.277348463602628	0.35222345582654	0.17759952926982
R68D	0	0	0	0
R68E	0	0	0	0
R68F	0.0553492810787275	0.0918954810268482	0.0920883879756703	0.103938321746967
R68G	0.0505305322162336	0.0989801368521359	0.257147603712423	0.196049621180256
R68H	0.315108742389996	0.331319336534579	0.283299969761134	0.111962480543583
R68I	0.174572522789759	0.167341023201111	0.17235001931238	0.108055097929727
R68K	0.563095881811249	0.350685442827345	0.206668378173313	0.144218263277346
R68L	0.236157940610814	0.266401444235711	0.247148431402902	0.383245053703436
R68M	0.410499050199105	0.588729239552223	0.825712513263483	0.736381447640475
R68N	0.28355647279878	0.308531752522922	0.377622107544155	0.511709346055079
R68P	0	0	0	0
R68Q	0.405983044341016	0.52727450515703	0.39350183542534	0.181230305909903
R68S	0.243135595409566	0.293426429723724	0.354530791898824	0.221102273194774
R68T	0.145223634063597	0.21925446621029	0.241892485345907	0.202949540348071
R68V	0.286414834916048	0.229867316759447	0.160778300005911	0.111466908988171
R68W	0.200887200762333	0.185418693626998	0.214205380534168	0.0971821786423304
R68Y	0.105274557069087	0.141776084192214	0.193084887425802	0.146544271615719
L69A	0.473344199400081	0.764166565118764	1.32578174243137	1.96943883181207
L69C	0.941339955121393	1.01763543857963	1.05246502783369	0.782096118698212
L69D	0	0	0	0
L69E	0.102262107371993	0.12721069759431	0.266698586176303	0.402541345217849
L69F	0.83861910058596	0.800958245024261	0.818250329373654	0.552385332671184
L69G	0.498857912774678	0.715315420905236	1.11546139513791	0.669918990246074
L69H	1.19422129062251	1.28180084597734	0.836646378202811	1.16294133926364
L69I	0.966585892599911	0.808176697375246	0.766598915706821	0.488608998005265
L69K	0	0	0	0
L69M	0.983704408585755	0.952817795719359	0.809306180258443	1.40147464136414
L69N	1.12742287042016	1.27345461487237	1.04679506304324	1.12980753837516
L69P	0	0	0	0
L69Q	1.15185468334126	1.14648129720816	0.519834407923082	0.366633288617451
L69R	0.371568313100162	0.543941422689229	1.07280127220618	0.814564902513265
L69S	0.605595629188683	0.945668059522424	1.22502544986392	0.960443920613216
L69T	0.898391314463673	1.14080631288717	1.21341324458213	0.874188916983041
L69V	0.91784659919027	1.0420096510003	1.02624509953247	1.22425756238315
L69W	0.507175599667263	0.897448038879532	1.40918834889519	0.801920705210076
L69Y	0.785241195884726	1.020099551487	1.1354312348938	0.689812760945844
G70A	0.0603028229013228	0.0500003285865388	0.190776613953426	0.350093205819022
G70C	0	0	0	0
G70D	0	0	0	0
G70E	0.00666487730732538	0.07873130196197	0.0862496040227163	0.0981507370841143
G70F	0	0	0	0
G70H	0	0	0	0
G70I	0	0	0	0
G70K	0	0	0	0
G70L	0	0	0	0
G70M	0	0	0	0
G70N	0.557780508059627	0.843207225519511	1.41732160041266	1.04054753409855
G70P	0	0	0	0
G70Q	0.0765226653804026	0.0680898898160761	0.209790027100709	0.209355767464989
G70R	0	0	0	0
G70S	0.161510857158035	0.235063798373722	0.563795726849487	0.511823015828102
G70T	0	0	0	0
G70V	0	0	0	0
G70W	0	0	0	0
G70Y	0	0	0	0
S71A	0.642663113436566	0.441066534663198	0.310698159897381	0.203120079749446
S71C	0.571297508850527	0.496998838559698	0.499922646241804	0.519306831105235
S71D	0	0	0	0
S71E	0	0	0	0
S71F	0.546528787361727	0.293776894852675	0.22591737882983	0.263915225757853
S71G	0.703491875410808	0.530085529769973	0.310502638598131	0.207627477606312
S71H	0.40287822247706	0.185863961601394	0.201455041016498	0.132363455450246
S71I	0.397329224090552	0.275691448620609	0.215098772083575	0.525569881839652
S71K	0.371583032793126	0.191702970616376	0.287714519925628	0.228243178066339
S71L	0.480948193155953	0.282018075848772	0.267046151650587	0.169037056386821
S71M	0.411223390461652	0.316876713973452	0.488891803497803	0.166424619430891
S71N	0.502741657029878	0.437322963228971	0.656887484077592	0.695402998621896
S71P	0	0	0	0
S71Q	0.464275574285577	0.356993575164873	0.29029231619275	0.168452795490043
S71R	0.343167817828643	0.142428868292167	0.13390282764954	0.089261217874859
S71T	0.963163334642459	0.832131185201824	0.899425827748173	0.572130126356582
S71V	0.45737308055203	0.395564345202043	0.409101980984308	0.706022083452627
S71W	0.354458244578801	0.217569660415832	0.174644643793313	0.0467474223100832
S71Y	0.668773647922618	0.318763962939157	0.269803140519029	0.299145582849745
M72A	0.135578471300374	0.197474512731267	0.488839588431827	0.552119698652029
M72C	0.755121468951052	1.60732074026967	2.47046040453834	2.14176517191887
M72D	0	0	0	0
M72E	0	0	0	0
M72F	0	0	0	0
M72G	0	0	0	0
M72H	0	0	0	0
M72I	1.13075239523274	1.07877454423634	1.08160911193536	1.48803329892073
M72K	0	0	0	0
M72L	0.470452549586857	0.445782927071986	0.467887789271528	0.277882305078137
M72N	0	0	0	0
M72P	0	0	0	0
M72Q	0	0	0	0
M72R	0	0	0	0
M72S	0	0	0	0
M72T	0	0	0	0
M72V	0.0265703699237509	0.0251097773747024	0.0730670353008801	0.0286309926378307
M72W	0	0	0	0
M72Y	0	0	0	0
R73A	0.376691072533242	0.52459187756933	0.907473773274954	0.732404455329654
R73C	0.120214236152247	0.160322446757578	0.366203202506727	0.532676582114081
R73D	0	0	0	0
R73E	0	0	0	0
R73F	0.193071142385749	0.436398179402473	1.69880231143347	2.88335221643931
R73G	0.123600493013803	0.155065599527887	0.219495644619828	0.197052235540459
R73H	0.481377874261494	0.84940208020578	2.53778931482641	2.54519023217375
R73I	0	0	0	0
R73K	0.884147012165462	1.01690200763291	0.782851135611591	0.700596985081025
R73L	0.211169263583396	0.31579563893453	0.907599243951318	1.01686861549857
R73M	0.483517696700171	0.754756268822185	1.7809551855932	2.19998809824021
R73N	0	0	0	0
R73P	0	0	0	0
R73Q	0.155962113970372	0.205760550598368	0.670682529038751	0.812000629229181
R73S	0.218220340890362	0.332935167695047	0.510280044985108	0.333425440390128
R73T	0	0	0	0
R73V	0	0	0	0
R73W	0	0	0	0
R73Y	0.184389855024174	0.490740432580041	1.90689914004457	6.29609286706478
I74A	0.0169833466533036	0.0143894397690131	0.0393140999061878	0.00189315134993003
I74C	0.198322446571894	0.195622728353144	0.355206702557322	0.278702417256996
I74D	0	0	0	0
I74E	0	0	0	0
I74F	0	0	0	0
I74G	0	0	0	0
I74H	0	0	0	0
I74K	0	0	0	0
I74L	1.07379058899742	0.550364374810629	0.275194430142379	0.274413136151374
I74M	1.39040994003271	0.604437485040207	0.366121385843597	0.205951553013184
I74N	0	0	0	0
I74P	0	0	0	0
I74Q	0.324806731382452	0.132654254217313	0.132215272764441	0.0367611308568456
I74R	0	0	0	0
I74S	0.0478473155706412	0.0348585288156622	0.152917981013195	0.0819296563441056
I74T	0.616101197712268	0.747260986276283	1.10334412181895	0.95591364421453
I74V	0.577627107567958	1.15058991425884	2.49097898372408	2.64896891551421
I74W	0	0	0	0
I74Y	0	0	0	0
T75A	0.814202845946162	1.95902477197401	4.36002501518283	7.10227234286047
T75C	1.02176575331701	1.26621444839537	1.18665374769574	1.20335217207839
T75D	0	0	0	0
T75E	0.438717684933318	0.275879192494518	0.295921492968564	0.15579664763078
T75F	0.83366506985795	0.29812919676266	0.128925189346456	0.282781849221
T75G	0.150043552020529	0.114520536600535	0.149650958616373	0.102887964969659
T75H	NaN	NaN	NaN	NaN
T75I	0.748444957486638	0.362994427111324	0.232407206522726	0.2121624765136
T75K	0	0	0	0
T75L	0.852631513656074	0.254036491413751	0.180339092626922	0.397628611823428
T75M	0.850934801581173	0.624705879358173	0.346886099211398	0.167277349693908
T75N	0.631711099256439	0.275862509952794	0.178574566975058	0.0552199862458033
T75P	NaN	NaN	NaN	NaN
T75Q	NaN	NaN	NaN	NaN
T75R	0.295576096812853	0.26359515912741	0.25229289387052	1.06722352893307
T75S	0.681335264083902	1.40945594194964	2.19598554223884	2.05753404662382
T75V	0.535067710230683	0.52453666709256	0.524221110717323	0.311868352266405
T75W	1.55375855460445	1.3295952314538	1.07156377124763	0.554063041443153
T75Y	1.26008348787367	0.721342771519217	0.336608217353914	0.406894219717356
G76A	0.00808880523316336	0.00655213519683509	0.0242999094107625	0.0124515994827613
G76C	0	0	0	0
G76D	0	0	0	0
G76E	0	0	0	0
G76F	0	0	0	0
G76H	0	0	0	0
G76I	0	0	0	0
G76K	0	0	0	0
G76L	0	0	0	0
G76M	0	0	0	0
G76N	0	0	0	0
G76P	0	0	0	0
G76Q	0	0	0	0
G76R	0	0	0	0
G76S	0	0	0	0
G76T	0	0	0	0
G76V	0	0	0	0
G76W	0	0	0	0
G76Y	0	0	0	0
P77A	0.124342621575173	0.192055462748745	0.489375520526072	0.946733252970408
P77C	0	0	0	0
P77D	0.033630980326419	0.00552734972018926	0.0721417202790855	0.046480684098919
P77E	0	0	0	0
P77F	0	0	0	0
P77G	0	0	0	0
P77H	0	0	0	0
P77I	0	0	0	0
P77K	0	0	0	0
P77L	0	0	0	0
P77M	0	0	0	0
P77N	0	0	0	0
P77Q	0	0	0	0
P77R	0	0	0	0
P77S	0.181214722046813	0.28214781161089	0.596958280478551	1.04574260318227
P77T	0	0	0	0
P77V	0	0	0	0
P77W	0	0	0	0
P77Y	0	0	0	0
K78A	0.119852523454576	0.0716100839281695	0.182586995373945	0.343965914823988
K78C	0	0	0	0
K78D	0	0	0	0
K78E	NaN	NaN	NaN	NaN
K78F	0	0	0	0
K78G	0.362628353716023	0.251653768160947	0.300696853220488	0.317158721023215
K78H	0.36386351608905	0.340373222346257	0.310502977218074	0.363670605413818
K78I	0	0	0	0
K78L	0	0	0	0
K78M	0.0470199510168739	0.0470490671965508	0.0290818192948081	0.062588039809735
K78N	0.132163265384111	0.144950610630923	0.230460814739396	0.329248350266704
K78P	0	0	0	0
K78Q	0.743015803501937	0.615558629154872	0.597905935151999	0.461281981714605
K78R	0.880570333588419	0.892563174896833	0.754977651157496	0.430471185325907
K78S	0.432912486526785	0.300165275028571	0.377456062902524	0.182932029391888
K78T	0.225170478036396	0.131384798434605	0.261316845156297	0.170885874468217
K78V	0	0	0	0
K78W	0.0594953707276952	0.0553729750273541	0.0831168468085404	0.080622476860371
K78Y	0.0414881920737122	0.0186235890986347	0.041944931675204	0.0189999406565267
T79A	0.520989901058611	1.10786436545168	1.83311299155498	2.02333040346608
T79C	0.596316868025332	1.32580755185065	2.04365780200871	3.07149421417391
T79D	0	0	0	0
T79E	0	0	0	0
T79F	0.362595808474689	0.547758984584567	0.627118395694971	0.295289819168556
T79G	0.498372795619928	1.09443569513617	2.36327665790751	2.86743714880878
T79H	0.822245371544789	1.32788341907436	1.86400821051533	2.18652516497675
T79I	0.287501429129673	0.735654887058804	1.96667913417954	2.50945248396503
T79K	0.334932030844315	0.790971725175245	2.55657545865207	4.7526960442754
T79L	0.484068297943784	0.884291641557415	1.37770813892237	1.38160656873657
T79M	0.541045261190401	0.954934683177064	1.66270520561659	3.16944257725072
T79N	0.263534689447815	0.346176714442989	0.424876477299403	0.443943991558592
T79P	0	0	0	0
T79Q	0.177358552202739	0.206790353871128	0.604534484160057	0.784929675086374
T79R	0.483117638811857	1.4879906850571	5.04411819904735	11.4888274639954
T79S	0.910532340322283	1.22564367019058	1.13488412452006	0.734293202603437
T79V	0.129816960739599	0.275494578866875	0.70147383024149	1.35099949278963
T79W	0.590281744463961	0.392624408434228	0.196873810595529	0.121380339840909
T79Y	0.316300848615906	0.274232624811356	0.268343878620535	0.120385281628416
C80A	0	0	0	0
C80D	0	0	0	0
C80E	0	0	0	0
C80F	0	0	0	0
C80G	0	0	0	0
C80H	0	0	0	0
C80I	0	0	0	0
C80K	0	0	0	0
C80L	0	0	0	0
C80M	0	0	0	0
C80N	0	0	0	0
C80P	0	0	0	0
C80Q	NaN	NaN	NaN	NaN
C80R	0	0	0	0
C80S	0	0	0	0
C80T	0	0	0	0
C80V	0	0	0	0
C80W	0	0	0	0
C80Y	0	0	0	0
M81A	1.05251161908377	1.50647779133709	1.71539107525504	1.29793963081055
M81C	1.28519922493457	0.69481605798772	0.361580028560145	0.283232689496457
M81D	0	0	0	0
M81E	0	0	0	0
M81F	0.881567322797786	1.2325491783301	1.58308535181179	0.908972094832357
M81G	0.0456250936675614	0.0573137028832642	0.105285133400814	0.148062464169999
M81H	0	0	0	0
M81I	1.07032924794298	1.01390632095501	0.895683774192634	0.527839721765876
M81K	0.243847345183484	0.357342167660884	0.754254162770425	1.28627405738165
M81L	0.787697577519955	1.02499102693228	1.38199464345526	1.46888904883586
M81N	0.279636190195207	0.228022412673771	0.214970856636278	0.152383310050516
M81P	0	0	0	0
M81Q	NaN	NaN	NaN	NaN
M81R	0.539632127780474	0.98273261740339	1.91690518718385	2.09584985940478
M81S	1.12348121634485	1.04068808784993	0.976120757515966	0.934562720548846
M81T	0.988750677105966	0.544063591160592	0.326275592733482	0.228689297046219
M81V	1.27266879994517	0.907010186805937	0.616783040216071	0.572343101839411
M81W	0.952277575980582	1.04522962632105	1.52514867137955	0.93732647796388
M81Y	1.01554655920094	1.56711418124319	2.43328738949887	2.16253449993281
N82A	0	0	0	0
N82C	0	0	0	0
N82D	0	0	0	0
N82E	NaN	NaN	NaN	NaN
N82F	0	0	0	0
N82G	0	0	0	0
N82H	0.0283029036338475	0.101415983029551	0.371988339267494	1.20974964618542
N82I	0	0	0	0
N82K	0	0	0	0
N82L	0	0	0	0
N82M	0	0	0	0
N82P	0	0	0	0
N82Q	0	0	0	0
N82R	0	0	0	0
N82S	0	0	0	0
N82T	0	0	0	0
N82V	0	0	0	0
N82W	0	0	0	0
N82Y	0	0	0	0
T83A	0.889673486982477	2.0737521670928	3.45818196065141	4.15857339108013
T83C	0.106242902025423	0.131114052051368	0.283063582470197	0.131318048265564
T83D	0	0	0	0
T83E	0	0	0	0
T83F	0.237400316009555	0.433769336283964	2.6403160031454	6.17178030814225
T83G	0.00394672772735601	0.0144528712866195	0.0375076626853801	0.424217788452516
T83H	0	0	0	0
T83I	1.4066240027153	1.25364141789895	1.02859890588201	0.542832300086692
T83K	0	0	0	0
T83L	1.1998365855267	0.971527529937529	1.12737800623435	5.1393314438454
T83M	1.15087860408316	1.04389404270017	0.946137749621297	1.96076103434097
T83N	0	0	0	0
T83P	0	0	0	0
T83Q	0	0	0	0
T83R	0	0	0	0
T83S	0.862355004954895	1.29399879185467	1.63184823786682	4.84240376344865
T83V	1.14060654384586	1.39715798783404	1.99200274572002	4.95682224891049
T83W	0.0634641900595148	0.154381424415986	0.758547605344836	3.55734122806443
T83Y	0.167003327664956	0.627102141349734	2.48511298715131	9.090912782364
W84A	0	0	0	0
W84C	0	0	0	0
W84D	0	0	0	0
W84E	0	0	0	0
W84F	0.133737762613306	0.139282641462973	0.311994934850997	0.147050593627326
W84G	0	0	0	0
W84H	0	0	0	0
W84I	0	0	0	0
W84K	0	0	0	0
W84L	0	0	0	0
W84M	0	0	0	0
W84N	0	0	0	0
W84P	0	0	0	0
W84Q	0	0	0	0
W84R	0	0	0	0
W84S	0	0	0	0
W84T	0	0	0	0
W84V	0	0	0	0
W84Y	0.430056014180675	0.297844518608673	0.244228012877661	0.107080423277131
Q85A	0.913128656899269	0.866079125580941	0.895429027649275	0.546210703781041
Q85C	0.658025356212025	0.714894536596863	0.901120507786199	0.733176212707538
Q85D	0.341133751275253	0.187042027651708	0.283720221955567	0.136112274158988
Q85E	0.544091254012303	0.379838245481583	0.559166412410156	0.403606582532451
Q85F	0.950499396967516	1.04614990714466	1.606816326451	1.38763679566667
Q85G	0.931586924731291	1.00697944291558	1.05077376575135	1.35286241533568
Q85H	1.0274415479472	1.03046315389324	1.03599552269813	0.564652967848696
Q85I	0.694733815108828	0.923057757222344	1.37108671578587	1.5727366038972
Q85K	0.633771106024639	0.8164527702294	1.47941239464311	1.15402113481747
Q85L	0.673575820047498	0.923120061334464	1.72630360782866	1.44016316658685
Q85M	0.816717755755932	0.949596103307625	1.26916124006991	0.731389549625438
Q85N	1.01419694846968	0.834915304731373	0.814156107131267	0.622121022108447
Q85P	0.456833734441458	0.375308431797701	0.4532840937297	0.392321714132778
Q85R	0.652851238322985	0.837925159071177	2.05055990933513	2.37224617214864
Q85S	0.961918927453282	1.00821800006477	0.986605402382699	0.566208613468885
Q85T	1.03461627742699	1.6163058582843	3.21534723392208	2.76887587893701
Q85V	0.732067322119882	1.00622417764212	1.69884824319405	1.55280578208217
Q85W	0.865737615541921	0.863907681680687	1.20161541087291	0.600039958271866
Q85Y	0.883833836672083	1.00017538718124	1.34113278607182	0.821226005156804
G86A	0.757068775009695	0.943687997811215	1.11106685493859	0.574315419748926
G86C	0.297246401586449	0.50583684651864	1.06088847934736	0.526767463340197
G86D	0	0	0	0
G86E	0.464254117842719	0.51927213641922	0.559973663228255	0.507578323616507
G86F	0	0	0	0
G86H	0.259932795438236	0.641731646587414	1.6984537846681	0.872747561531107
G86I	0	0	0	0
G86K	0.506189887225609	0.56788719253567	0.455181003185515	0.463973701683257
G86L	0	0	0	0
G86M	0	0	0	0
G86N	0.487683457880251	0.554163472009509	0.482970470781688	0.375787664755024
G86P	0	0	0	0
G86Q	0.23186176159168	0.60776681412033	1.28954105305942	0.697195434610318
G86R	0.250326677546632	0.389050772203543	0.703490972296583	0.373302746506565
G86S	0.526851099189946	0.876419256390268	1.40416268425534	0.614483005323511
G86T	0	0	0	0
G86V	0	0	0	0
G86W	0.357761010629062	0.570748494631891	0.893944842194796	0.462063024538052
G86Y	0	0	0	0
T87A	0.92962817049872	1.13921080674885	1.22828307884408	0.609050388764699
T87C	0.615854451732955	0.754086219055918	0.604068470098079	0.344519469440924
T87D	0	0	0	0
T87E	0	0	0	0
T87F	NaN	NaN	NaN	NaN
T87G	0.646590364985777	1.30110740669106	2.1573754444165	1.21025128681256
T87H	0	0	0	0
T87I	0	0	0	0
T87K	0.0545561621069691	0.121334127674297	0.397339510011193	0.813560923696445
T87L	0	0	0	0
T87M	0	0	0	0
T87N	0	0	0	0
T87P	0	0	0	0
T87Q	0	0	0	0
T87R	0.356938592479396	0.604364334214353	1.37929023193317	0.743244674761983
T87S	0.881376571214537	1.03450867670041	0.873655640415528	0.35110554958808
T87V	NaN	NaN	NaN	NaN
T87W	0	0	0	0
T87Y	NaN	NaN	NaN	NaN
F88A	0	0	0	0
F88C	0	0	0	0
F88D	0	0	0	0
F88E	0	0	0	0
F88G	0	0	0	0
F88H	0	0	0	0
F88I	0	0	0	0
F88K	0	0	0	0
F88L	0	0	0	0
F88M	0	0	0	0
F88N	0	0	0	0
F88P	0	0	0	0
F88Q	0	0	0	0
F88R	0	0	0	0
F88S	0	0	0	0
F88T	0	0	0	0
F88V	0	0	0	0
F88W	0	0	0	0
F88Y	0	0	0	0
P89A	0	0	0	0
P89C	0	0	0	0
P89D	0	0	0	0
P89E	0	0	0	0
P89F	0	0	0	0
P89G	0	0	0	0
P89H	0	0	0	0
P89I	0	0	0	0
P89K	0	0	0	0
P89L	0	0	0	0
P89M	0	0	0	0
P89N	0	0	0	0
P89Q	0	0	0	0
P89R	0	0	0	0
P89S	0	0	0	0
P89T	0	0	0	0
P89V	0	0	0	0
P89W	0	0	0	0
P89Y	0	0	0	0
I90A	0	0	0	0
I90C	0	0	0	0
I90D	0	0	0	0
I90E	0	0	0	0
I90F	0	0	0	0
I90G	0	0	0	0
I90H	0	0	0	0
I90K	0	0	0	0
I90L	0.097566825363297	0.176342459740197	0.420675028843621	0.351236636554369
I90M	0.155759324100035	0.169880178757064	0.295150219204248	0.272503416189586
I90N	0	0	0	0
I90P	NaN	NaN	NaN	NaN
I90Q	0	0	0	0
I90R	0	0	0	0
I90S	0	0	0	0
I90T	0	0	0	0
I90V	1.10589880872855	0.900850728953549	0.467857357806672	0.323915313651975
I90W	0	0	0	0
I90Y	0	0	0	0
N91A	0	0	0	0
N91C	0	0	0	0
N91D	0	0	0	0
N91E	0	0	0	0
N91F	0	0	0	0
N91G	0	0	0	0
N91H	0	0	0	0
N91I	0	0	0	0
N91K	0	0	0	0
N91L	0	0	0	0
N91M	0	0	0	0
N91P	0	0	0	0
N91Q	0	0	0	0
N91R	0	0	0	0
N91S	0	0	0	0
N91T	0	0	0	0
N91V	0	0	0	0
N91W	0	0	0	0
N91Y	0	0	0	0
C92A	0.864778172662222	4.25723219910707	35.0875371696956	51.4310687193288
C92D	NaN	NaN	NaN	NaN
C92E	0	0	0	0
C92F	0.644676474836859	2.05779287233144	8.2504603574577	4.77106091931376
C92G	0.133822956169325	0.634166293039475	2.85538635140257	4.70616474358518
C92H	NaN	NaN	NaN	NaN
C92I	NaN	NaN	NaN	NaN
C92K	NaN	NaN	NaN	NaN
C92L	0.920322932550385	0.389666338876806	0.1150120434927	0.279502003112333
C92M	1.22253219346551	2.66708894395931	2.4855800316349	1.39236397891247
C92N	NaN	NaN	NaN	NaN
C92P	0.592262280126872	2.97156367291426	24.5668047763016	25.5263310617708
C92Q	0.360421129005213	1.65482250372421	14.2914928807541	30.2514314074817
C92R	0	0	0	0
C92S	0.980341878742186	4.73166480205298	29.0745501885741	34.5928297116621
C92T	0.358271813427666	1.22444401533188	7.3514656305354	4.40268997997382
C92V	0	0	0	0
C92W	0.763485234179553	2.48549062119998	6.59682146906329	5.55137433788784
C92Y	1.00836638741653	5.19111531816397	27.9165398272854	38.5149847457257
Y93A	0	0	0	0
Y93C	0.224937113059898	0.0842203724433452	0.0321670090267041	0.159820354452329
Y93D	0	0	0	0
Y93E	0	0	0	0
Y93F	0.299485626367382	1.05833200960202	9.96491349182379	7.3661887516368
Y93G	0	0	0	0
Y93H	0	0	0	0
Y93I	0	0	0	0
Y93K	0	0	0	0
Y93L	0	0	0	0
Y93M	0	0	0	0
Y93N	0.0865185753029979	0.241529665003221	5.30654243899241	4.30998089344303
Y93P	0	0	0	0
Y93Q	0	0	0	0
Y93R	0	0	0	0
Y93S	0	0	0	0
Y93T	0	0	0	0
Y93V	0	0	0	0
Y93W	1.11214358444877	5.92337257532089	75.6086088323457	182.832829336777
T94A	0	0	0	0
T94C	0	0	0	0
T94D	0	0	0	0
T94E	0	0	0	0
T94F	0	0	0	0
T94G	0	0	0	0
T94H	0	0	0	0
T94I	0	0	0	0
T94K	0	0	0	0
T94L	0	0	0	0
T94M	0	0	0	0
T94N	0	0	0	0
T94P	0	0	0	0
T94Q	0	0	0	0
T94R	0	0	0	0
T94S	0.0466787497429729	0.042647406039696	0.0270125287062368	0.141478115978305
T94V	0	0	0	0
T94W	0	0	0	0
T94Y	0	0	0	0
E95A	0.296153732417552	0.378634929726108	0.349701645052701	0.210308271913409
E95C	0	0	0	0
E95D	0.729475477905059	0.755592315074886	0.488096476391825	0.303832720836983
E95F	0	0	0	0
E95G	0.0972932622499689	0.0908785241805661	0.166546621228915	0.171908342968328
E95H	0.0955365495003801	0.0582883834818241	0.023664300252407	0.179751289628894
E95I	0.445252829217414	0.819438776346914	0.940174981655442	0.507527021986872
E95K	0	0	0	0
E95L	0.231643601440751	0.236661109214837	0.14939749555216	0.166143716074721
E95M	0.259897654694423	0.368416632452225	0.269545219311529	0.265866149264798
E95N	0.253508107718967	0.434762969329328	0.306762711430407	0.172712625191557
E95P	0	0	0	0
E95Q	0	0	0	0
E95R	0	0	0	0
E95S	0.295038687905927	0.315687496203956	0.288429233636303	0.205267383447442
E95T	0.3113565592211	0.406380170196416	0.735847453591548	0.54604444038485
E95V	0.251403786914296	0.472410632385309	0.606948291336814	0.344060961908989
E95W	0	0	0	0
E95Y	0	0	0	0
G96A	0	0	0	0
G96C	0	0	0	0
G96D	0	0	0	0
G96E	0	0	0	0
G96F	NaN	NaN	NaN	NaN
G96H	NaN	NaN	NaN	NaN
G96I	NaN	NaN	NaN	NaN
G96K	0	0	0	0
G96L	0	0	0	0
G96M	0	0	0	0
G96N	0	0	0	0
G96P	0	0	0	0
G96Q	0	0	0	0
G96R	0	0	0	0
G96S	0	0	0	0
G96T	0	0	0	0
G96V	0	0	0	0
G96W	0	0	0	0
G96Y	0	0	0	0
Q97A	0.545936129496638	0.657194541483341	0.810027576172324	0.161145770280657
Q97C	0.619903190943897	0.769740969834964	0.860054225823006	0.356937429352717
Q97D	0.279255595219078	0.245420724207759	0.217841027421034	0.522178424268632
Q97E	0.43021908822763	0.397658168956286	0.350335696990178	0.300526023144224
Q97F	0.348137263260896	0.464044037205146	0.463195606213806	0.308717314795526
Q97G	0	0	0	0
Q97H	0.60607963509325	0.720848462795691	0.801050065883166	0.469866481223239
Q97I	0.649856080964297	0.689579094710936	0.473827108173615	0.257386533799734
Q97K	0.678930507407566	0.723526611956035	0.533894883122338	0.355902763300519
Q97L	0.760828092255262	0.776081124205182	0.580090913961469	0.349769130799738
Q97M	0.834310667391653	1.09331859791545	0.798327910056551	0.48675212670816
Q97N	0.791781133251923	0.888897848097817	0.648063765483775	0.341453781733575
Q97P	0.626844988439405	0.659619503989281	0.568052150385384	0.257381796765032
Q97R	0.131572665087657	0.131059834877906	0.115218474039998	0.118779213199921
Q97S	0.425627132727175	0.464800271742306	0.497462332227231	0.388831680202321
Q97T	0.578084918601218	0.602508898515326	0.606350447102104	0.387741259136754
Q97V	0.572332877067269	0.784886584261399	0.769358783919304	0.408236614871109
Q97W	0.548711314750655	0.647301606125576	0.57517560782241	0.271671237020063
Q97Y	0.443129040352427	0.558929254938628	0.549616025569142	0.294972661050585
C98A	1.56824322382097	1.551390623063	1.04243768690018	0.489870139366974
C98D	NaN	NaN	NaN	NaN
C98E	0	0	0	0
C98F	NaN	NaN	NaN	NaN
C98G	0.074081796372748	0.0808419188947155	0.13239202872727	0.374136307226058
C98H	NaN	NaN	NaN	NaN
C98I	NaN	NaN	NaN	NaN
C98K	NaN	NaN	NaN	NaN
C98L	0	0	0	0
C98M	NaN	NaN	NaN	NaN
C98N	NaN	NaN	NaN	NaN
C98P	NaN	NaN	NaN	NaN
C98Q	NaN	NaN	NaN	NaN
C98R	0	0	0	0
C98S	0	0	0	0
C98T	NaN	NaN	NaN	NaN
C98V	0	0	0	0
C98W	0	0	0	0
C98Y	NaN	NaN	NaN	NaN
A99C	0.679479214696518	0.558485234343207	0.394619489941207	0.371129386682968
A99D	0	0	0	0
A99E	0.205096563445709	0.143972932611945	0.0933920097269733	0.117869065769142
A99F	0.0370494966086248	0.0694505107900017	0.0213695802279312	0.294040249189759
A99G	0.924896644955752	0.544439046900868	0.264218815810518	0.27734444647642
A99H	0	0	0	0
A99I	0.204514010756585	0.171603259086859	0.0920392734490759	0.256234731716759
A99K	0.171876870697219	0.131065878233475	0.144573242088737	0.167649676189643
A99L	0.342404722418386	0.293887433514215	0.306649417216087	0.222488813149297
A99M	0.468155802729894	0.420146453909614	0.281462000448631	0.137163506190777
A99N	0.195890052728283	0.0534459639310264	0.060445384073291	0.341457181821021
A99P	0	0	0	0
A99Q	0.522513381132078	0.586055975357314	0.386650638617581	0.284775138910888
A99R	0.247399554251851	0.229239495523282	0.16358046985661	0.263000253451336
A99S	0.677130675680205	0.547247257005479	0.341382730972791	0.292197433292814
A99T	0.32481112630609	0.217657266673894	0.165087127123248	0.363791271117477
A99V	0.467933905075731	0.330912999413601	0.221140968208332	0.300263182487396
A99W	0	0	0	0
A99Y	0	0	0	0
P100A	0.497023708582043	0.524638707504229	0.386012663157424	0.28296747173622
P100C	0	0	0	0
P100D	0	0	0	0
P100E	0	0	0	0
P100F	0	0	0	0
P100G	0	0	0	0
P100H	0	0	0	0
P100I	0	0	0	0
P100K	0	0	0	0
P100L	0	0	0	0
P100M	0	0	0	0
P100N	0	0	0	0
P100Q	0	0	0	0
P100R	0	0	0	0
P100S	0	0	0	0
P100T	0	0	0	0
P100V	0.112081002228207	0.069847677168454	0.0289769632578587	0.254013727256863
P100W	0	0	0	0
P100Y	0	0	0	0
K101A	0.605035849686912	0.493844653709908	0.309261340595379	0.321774248373327
K101C	0.789129523088914	0.678452767356619	0.570125170490841	0.394278077942865
K101D	NaN	NaN	NaN	NaN
K101E	0.311312527542765	0.276425840380479	0.305844435191299	0.202093946225232
K101F	0.0543882273383347	0.0550539824873449	0.0622875866356047	0.34155564420845
K101G	0	0	0	0
K101H	0.555638400432949	0.660459382195565	0.518745215188459	0.394940564830928
K101I	0.350776070282897	0.304543159408008	0.358936915536341	0.340842415448256
K101L	0.31950578352431	0.276036977450639	0.249155099660042	0.278872687157183
K101M	0.28715480159368	0.208863945612679	0.17668698797398	0.173415321169541
K101N	0.394203125252841	0.328528533664217	0.223036266059522	0.310070422014368
K101P	0	0	0	0
K101Q	0.663637293749247	0.439256530661735	0.230043258582503	0.229332862419534
K101R	0.742278604254973	0.760454790866208	0.539784342935997	0.368995507359885
K101S	0.582834612544898	0.493981436848859	0.31236081516359	0.322838620332923
K101T	0.667753792939974	0.58644536208603	0.373745276392296	0.342594994172744
K101V	0.515067657531317	0.463107395215087	0.448044954669585	0.356136155680957
K101W	0	0	0	0
K101Y	0.0897777287740707	0.0631719199211687	0.0566675475687104	0.232496074314975
P102A	0.0244430112634155	0.0168807710455093	0.0250637390766929	0.117427788571843
P102C	0	0	0	0
P102D	0	0	0	0
P102E	0	0	0	0
P102F	0	0	0	0
P102G	0	0	0	0
P102H	0	0	0	0
P102I	0	0	0	0
P102K	0	0	0	0
P102L	0	0	0	0
P102M	0	0	0	0
P102N	0	0	0	0
P102Q	0	0	0	0
P102R	0	0	0	0
P102S	0	0	0	0
P102T	0	0	0	0
P102V	0.0483026004956703	0.0389530621255037	0.0635986271389187	0.206999528603585
P102W	0	0	0	0
P102Y	0	0	0	0
P103A	1.15125221878041	1.09782910404668	0.703857697261226	0.370581248564288
P103C	1.05666318205147	1.05471311545814	0.663865438101466	0.450418965173477
P103D	0.616231611140961	0.52839967105481	0.388564589871559	0.35677002281789
P103E	0.58215425295294	0.611330079263657	0.69423805416914	0.323009271256865
P103F	1.20219707826141	1.75504814148015	1.42553257037972	0.588163034587788
P103G	1.03197259211697	1.09222937212036	0.776765640070977	0.407052166633788
P103H	0.955811499933321	1.11486657224353	0.869657641973233	0.560269619932331
P103I	1.28525352119129	1.54294246170881	1.21048387601278	0.521498862762154
P103K	0.866119244373979	0.940601673649013	0.809924660694278	0.506889756482459
P103L	1.3349057622894	1.71546559379823	1.4358119980381	0.677524389351292
P103M	1.2582410951175	1.61230057799352	1.23215957128749	0.536622044144656
P103N	0.918382140671076	0.896157808312326	0.753734670595136	0.337970223672663
P103Q	1.045225534449	1.09169999727383	0.819028445357767	0.343907690501675
P103R	0.878331045977842	0.867439216104227	0.624730059390045	0.464943880165301
P103S	1.01187613352582	0.863454121730023	0.561198921989134	0.346713089399014
P103T	1.06882176720447	0.955811102400114	0.642136449641433	0.411174080799128
P103V	1.26262346947414	1.54208548765534	1.2230570007326	0.547351946482685
P103W	1.37467827873529	1.69623911820739	1.10303045127272	0.629024017460398
P103Y	1.23797410838898	1.85944474942764	1.24160341962397	0.722491556239726
